ID,Process ID,Process Name,Host Name,Kernel Name,Kernel Time,Context,Stream,Section Name,Metric Name,Metric Unit,Metric Value
0,129989,pinn,127.0.0.1,"void at::native::vectorized_elementwise_kernel<(int)4, at::native::FillFunctor<float>, at::detail::Array<char *, (int)1>>(int, T2, T3)",2022-Sep-16 13:47:01,1,7,Command line profiler metrics,sm__cycles_elapsed.avg,cycle,"4,067.41"
0,129989,pinn,127.0.0.1,"void at::native::vectorized_elementwise_kernel<(int)4, at::native::FillFunctor<float>, at::detail::Array<char *, (int)1>>(int, T2, T3)",2022-Sep-16 13:47:01,1,7,Command line profiler metrics,sm__cycles_elapsed.avg.per_second,cycle/second,"1,050,466,789.10"
1,129989,pinn,127.0.0.1,"void at::native::elementwise_kernel<(int)128, (int)2, void at::native::gpu_kernel_impl<at::native::<unnamed>::direct_copy_kernel_cuda(at::TensorIteratorBase &)::[lambda() (instance 2)]::operator ()() const::[lambda() (instance 8)]::operator ()() const::[lambda(float) (instance 1)]>(at::TensorIteratorBase &, const T1 &)::[lambda(int) (instance 1)]>(int, T3)",2022-Sep-16 13:47:01,1,7,Command line profiler metrics,sm__cycles_elapsed.avg,cycle,"5,942.46"
1,129989,pinn,127.0.0.1,"void at::native::elementwise_kernel<(int)128, (int)2, void at::native::gpu_kernel_impl<at::native::<unnamed>::direct_copy_kernel_cuda(at::TensorIteratorBase &)::[lambda() (instance 2)]::operator ()() const::[lambda() (instance 8)]::operator ()() const::[lambda(float) (instance 1)]>(at::TensorIteratorBase &, const T1 &)::[lambda(int) (instance 1)]>(int, T3)",2022-Sep-16 13:47:01,1,7,Command line profiler metrics,sm__cycles_elapsed.avg.per_second,cycle/second,"1,385,835,579.05"
2,129989,pinn,127.0.0.1,ampere_sgemm_32x128_tn,2022-Sep-16 13:47:03,1,7,Command line profiler metrics,sm__cycles_elapsed.avg,cycle,"9,995.19"
2,129989,pinn,127.0.0.1,ampere_sgemm_32x128_tn,2022-Sep-16 13:47:03,1,7,Command line profiler metrics,sm__cycles_elapsed.avg.per_second,cycle/second,"1,394,417,576.06"
3,129989,pinn,127.0.0.1,"void at::native::vectorized_elementwise_kernel<(int)4, at::native::tanh_kernel_cuda(at::TensorIteratorBase &)::[lambda() (instance 1)]::operator ()() const::[lambda() (instance 4)]::operator ()() const::[lambda(float) (instance 1)], at::detail::Array<char *, (int)2>>(int, T2, T3)",2022-Sep-16 13:47:03,1,7,Command line profiler metrics,sm__cycles_elapsed.avg,cycle,"5,645.07"
3,129989,pinn,127.0.0.1,"void at::native::vectorized_elementwise_kernel<(int)4, at::native::tanh_kernel_cuda(at::TensorIteratorBase &)::[lambda() (instance 1)]::operator ()() const::[lambda() (instance 4)]::operator ()() const::[lambda(float) (instance 1)], at::detail::Array<char *, (int)2>>(int, T2, T3)",2022-Sep-16 13:47:03,1,7,Command line profiler metrics,sm__cycles_elapsed.avg.per_second,cycle/second,"1,389,043,817.44"
4,129989,pinn,127.0.0.1,"void at::native::elementwise_kernel<(int)128, (int)2, void at::native::gpu_kernel_impl<at::native::<unnamed>::direct_copy_kernel_cuda(at::TensorIteratorBase &)::[lambda() (instance 2)]::operator ()() const::[lambda() (instance 8)]::operator ()() const::[lambda(float) (instance 1)]>(at::TensorIteratorBase &, const T1 &)::[lambda(int) (instance 1)]>(int, T3)",2022-Sep-16 13:47:03,1,7,Command line profiler metrics,sm__cycles_elapsed.avg,cycle,"5,294.19"
4,129989,pinn,127.0.0.1,"void at::native::elementwise_kernel<(int)128, (int)2, void at::native::gpu_kernel_impl<at::native::<unnamed>::direct_copy_kernel_cuda(at::TensorIteratorBase &)::[lambda() (instance 2)]::operator ()() const::[lambda() (instance 8)]::operator ()() const::[lambda(float) (instance 1)]>(at::TensorIteratorBase &, const T1 &)::[lambda(int) (instance 1)]>(int, T3)",2022-Sep-16 13:47:03,1,7,Command line profiler metrics,sm__cycles_elapsed.avg.per_second,cycle/second,"1,390,279,723.00"
5,129989,pinn,127.0.0.1,ampere_sgemm_32x128_tn,2022-Sep-16 13:47:03,1,7,Command line profiler metrics,sm__cycles_elapsed.avg,cycle,"11,505.24"
5,129989,pinn,127.0.0.1,ampere_sgemm_32x128_tn,2022-Sep-16 13:47:03,1,7,Command line profiler metrics,sm__cycles_elapsed.avg.per_second,cycle/second,"1,393,561,136.23"
6,129989,pinn,127.0.0.1,"void at::native::vectorized_elementwise_kernel<(int)4, at::native::tanh_kernel_cuda(at::TensorIteratorBase &)::[lambda() (instance 1)]::operator ()() const::[lambda() (instance 4)]::operator ()() const::[lambda(float) (instance 1)], at::detail::Array<char *, (int)2>>(int, T2, T3)",2022-Sep-16 13:47:03,1,7,Command line profiler metrics,sm__cycles_elapsed.avg,cycle,"4,580.07"
6,129989,pinn,127.0.0.1,"void at::native::vectorized_elementwise_kernel<(int)4, at::native::tanh_kernel_cuda(at::TensorIteratorBase &)::[lambda() (instance 1)]::operator ()() const::[lambda() (instance 4)]::operator ()() const::[lambda(float) (instance 1)], at::detail::Array<char *, (int)2>>(int, T2, T3)",2022-Sep-16 13:47:03,1,7,Command line profiler metrics,sm__cycles_elapsed.avg.per_second,cycle/second,"1,389,585,580.73"
7,129989,pinn,127.0.0.1,"void at::native::elementwise_kernel<(int)128, (int)2, void at::native::gpu_kernel_impl<at::native::<unnamed>::direct_copy_kernel_cuda(at::TensorIteratorBase &)::[lambda() (instance 2)]::operator ()() const::[lambda() (instance 8)]::operator ()() const::[lambda(float) (instance 1)]>(at::TensorIteratorBase &, const T1 &)::[lambda(int) (instance 1)]>(int, T3)",2022-Sep-16 13:47:03,1,7,Command line profiler metrics,sm__cycles_elapsed.avg,cycle,"5,099.54"
7,129989,pinn,127.0.0.1,"void at::native::elementwise_kernel<(int)128, (int)2, void at::native::gpu_kernel_impl<at::native::<unnamed>::direct_copy_kernel_cuda(at::TensorIteratorBase &)::[lambda() (instance 2)]::operator ()() const::[lambda() (instance 8)]::operator ()() const::[lambda(float) (instance 1)]>(at::TensorIteratorBase &, const T1 &)::[lambda(int) (instance 1)]>(int, T3)",2022-Sep-16 13:47:03,1,7,Command line profiler metrics,sm__cycles_elapsed.avg.per_second,cycle/second,"1,385,743,760.06"
8,129989,pinn,127.0.0.1,ampere_sgemm_32x128_tn,2022-Sep-16 13:47:03,1,7,Command line profiler metrics,sm__cycles_elapsed.avg,cycle,"12,032.13"
8,129989,pinn,127.0.0.1,ampere_sgemm_32x128_tn,2022-Sep-16 13:47:03,1,7,Command line profiler metrics,sm__cycles_elapsed.avg.per_second,cycle/second,"1,397,784,575.93"
9,129989,pinn,127.0.0.1,"void at::native::vectorized_elementwise_kernel<(int)4, at::native::tanh_kernel_cuda(at::TensorIteratorBase &)::[lambda() (instance 1)]::operator ()() const::[lambda() (instance 4)]::operator ()() const::[lambda(float) (instance 1)], at::detail::Array<char *, (int)2>>(int, T2, T3)",2022-Sep-16 13:47:03,1,7,Command line profiler metrics,sm__cycles_elapsed.avg,cycle,"4,448.41"
9,129989,pinn,127.0.0.1,"void at::native::vectorized_elementwise_kernel<(int)4, at::native::tanh_kernel_cuda(at::TensorIteratorBase &)::[lambda() (instance 1)]::operator ()() const::[lambda() (instance 4)]::operator ()() const::[lambda(float) (instance 1)], at::detail::Array<char *, (int)2>>(int, T2, T3)",2022-Sep-16 13:47:03,1,7,Command line profiler metrics,sm__cycles_elapsed.avg.per_second,cycle/second,"1,376,363,678.03"
10,129989,pinn,127.0.0.1,"void at::native::elementwise_kernel<(int)128, (int)2, void at::native::gpu_kernel_impl<at::native::<unnamed>::direct_copy_kernel_cuda(at::TensorIteratorBase &)::[lambda() (instance 2)]::operator ()() const::[lambda() (instance 8)]::operator ()() const::[lambda(float) (instance 1)]>(at::TensorIteratorBase &, const T1 &)::[lambda(int) (instance 1)]>(int, T3)",2022-Sep-16 13:47:03,1,7,Command line profiler metrics,sm__cycles_elapsed.avg,cycle,"5,028.50"
10,129989,pinn,127.0.0.1,"void at::native::elementwise_kernel<(int)128, (int)2, void at::native::gpu_kernel_impl<at::native::<unnamed>::direct_copy_kernel_cuda(at::TensorIteratorBase &)::[lambda() (instance 2)]::operator ()() const::[lambda() (instance 8)]::operator ()() const::[lambda(float) (instance 1)]>(at::TensorIteratorBase &, const T1 &)::[lambda(int) (instance 1)]>(int, T3)",2022-Sep-16 13:47:03,1,7,Command line profiler metrics,sm__cycles_elapsed.avg.per_second,cycle/second,"1,390,625,000"
11,129989,pinn,127.0.0.1,ampere_sgemm_32x128_tn,2022-Sep-16 13:47:03,1,7,Command line profiler metrics,sm__cycles_elapsed.avg,cycle,"10,624.52"
11,129989,pinn,127.0.0.1,ampere_sgemm_32x128_tn,2022-Sep-16 13:47:03,1,7,Command line profiler metrics,sm__cycles_elapsed.avg.per_second,cycle/second,"1,395,026,065.98"
12,129989,pinn,127.0.0.1,"void at::native::vectorized_elementwise_kernel<(int)4, at::native::tanh_kernel_cuda(at::TensorIteratorBase &)::[lambda() (instance 1)]::operator ()() const::[lambda() (instance 4)]::operator ()() const::[lambda(float) (instance 1)], at::detail::Array<char *, (int)2>>(int, T2, T3)",2022-Sep-16 13:47:03,1,7,Command line profiler metrics,sm__cycles_elapsed.avg,cycle,"4,523.44"
12,129989,pinn,127.0.0.1,"void at::native::vectorized_elementwise_kernel<(int)4, at::native::tanh_kernel_cuda(at::TensorIteratorBase &)::[lambda() (instance 1)]::operator ()() const::[lambda() (instance 4)]::operator ()() const::[lambda(float) (instance 1)], at::detail::Array<char *, (int)2>>(int, T2, T3)",2022-Sep-16 13:47:03,1,7,Command line profiler metrics,sm__cycles_elapsed.avg.per_second,cycle/second,"1,385,859,204.79"
13,129989,pinn,127.0.0.1,"void at::native::elementwise_kernel<(int)128, (int)2, void at::native::gpu_kernel_impl<at::native::<unnamed>::direct_copy_kernel_cuda(at::TensorIteratorBase &)::[lambda() (instance 2)]::operator ()() const::[lambda() (instance 8)]::operator ()() const::[lambda(float) (instance 1)]>(at::TensorIteratorBase &, const T1 &)::[lambda(int) (instance 1)]>(int, T3)",2022-Sep-16 13:47:03,1,7,Command line profiler metrics,sm__cycles_elapsed.avg,cycle,"4,963.20"
13,129989,pinn,127.0.0.1,"void at::native::elementwise_kernel<(int)128, (int)2, void at::native::gpu_kernel_impl<at::native::<unnamed>::direct_copy_kernel_cuda(at::TensorIteratorBase &)::[lambda() (instance 2)]::operator ()() const::[lambda() (instance 8)]::operator ()() const::[lambda(float) (instance 1)]>(at::TensorIteratorBase &, const T1 &)::[lambda(int) (instance 1)]>(int, T3)",2022-Sep-16 13:47:03,1,7,Command line profiler metrics,sm__cycles_elapsed.avg.per_second,cycle/second,"1,384,822,461.97"
14,129989,pinn,127.0.0.1,ampere_sgemm_32x128_tn,2022-Sep-16 13:47:03,1,7,Command line profiler metrics,sm__cycles_elapsed.avg,cycle,"10,907.35"
14,129989,pinn,127.0.0.1,ampere_sgemm_32x128_tn,2022-Sep-16 13:47:03,1,7,Command line profiler metrics,sm__cycles_elapsed.avg.per_second,cycle/second,"1,402,694,425.39"
15,129989,pinn,127.0.0.1,"void at::native::vectorized_elementwise_kernel<(int)4, at::native::tanh_kernel_cuda(at::TensorIteratorBase &)::[lambda() (instance 1)]::operator ()() const::[lambda() (instance 4)]::operator ()() const::[lambda(float) (instance 1)], at::detail::Array<char *, (int)2>>(int, T2, T3)",2022-Sep-16 13:47:03,1,7,Command line profiler metrics,sm__cycles_elapsed.avg,cycle,"4,462.15"
15,129989,pinn,127.0.0.1,"void at::native::vectorized_elementwise_kernel<(int)4, at::native::tanh_kernel_cuda(at::TensorIteratorBase &)::[lambda() (instance 1)]::operator ()() const::[lambda() (instance 4)]::operator ()() const::[lambda(float) (instance 1)], at::detail::Array<char *, (int)2>>(int, T2, T3)",2022-Sep-16 13:47:03,1,7,Command line profiler metrics,sm__cycles_elapsed.avg.per_second,cycle/second,"1,380,615,144.85"
16,129989,pinn,127.0.0.1,"void at::native::elementwise_kernel<(int)128, (int)2, void at::native::gpu_kernel_impl<at::native::<unnamed>::direct_copy_kernel_cuda(at::TensorIteratorBase &)::[lambda() (instance 2)]::operator ()() const::[lambda() (instance 8)]::operator ()() const::[lambda(float) (instance 1)]>(at::TensorIteratorBase &, const T1 &)::[lambda(int) (instance 1)]>(int, T3)",2022-Sep-16 13:47:03,1,7,Command line profiler metrics,sm__cycles_elapsed.avg,cycle,"4,328.28"
16,129989,pinn,127.0.0.1,"void at::native::elementwise_kernel<(int)128, (int)2, void at::native::gpu_kernel_impl<at::native::<unnamed>::direct_copy_kernel_cuda(at::TensorIteratorBase &)::[lambda() (instance 2)]::operator ()() const::[lambda() (instance 8)]::operator ()() const::[lambda(float) (instance 1)]>(at::TensorIteratorBase &, const T1 &)::[lambda(int) (instance 1)]>(int, T3)",2022-Sep-16 13:47:03,1,7,Command line profiler metrics,sm__cycles_elapsed.avg.per_second,cycle/second,"1,394,419,387.17"
17,129989,pinn,127.0.0.1,"std::enable_if<!T7, void>::type internal::gemvx::kernel<int, int, float, float, float, float, (bool)0, (bool)1, (bool)1, (bool)0, (int)7, cublasGemvParams<cublasGemvTensorStridedBatched<const float>, cublasGemvTensorStridedBatched<const float>, cublasGemvTensorStridedBatched<float>, float>>(T12)",2022-Sep-16 13:47:03,1,7,Command line profiler metrics,sm__cycles_elapsed.avg,cycle,"6,958.80"
17,129989,pinn,127.0.0.1,"std::enable_if<!T7, void>::type internal::gemvx::kernel<int, int, float, float, float, float, (bool)0, (bool)1, (bool)1, (bool)0, (int)7, cublasGemvParams<cublasGemvTensorStridedBatched<const float>, cublasGemvTensorStridedBatched<const float>, cublasGemvTensorStridedBatched<float>, float>>(T12)",2022-Sep-16 13:47:03,1,7,Command line profiler metrics,sm__cycles_elapsed.avg.per_second,cycle/second,"1,402,983,124.25"
18,129989,pinn,127.0.0.1,"void at::native::vectorized_elementwise_kernel<(int)4, at::native::FillFunctor<float>, at::detail::Array<char *, (int)1>>(int, T2, T3)",2022-Sep-16 13:47:03,1,7,Command line profiler metrics,sm__cycles_elapsed.avg,cycle,"3,342.72"
18,129989,pinn,127.0.0.1,"void at::native::vectorized_elementwise_kernel<(int)4, at::native::FillFunctor<float>, at::detail::Array<char *, (int)1>>(int, T2, T3)",2022-Sep-16 13:47:03,1,7,Command line profiler metrics,sm__cycles_elapsed.avg.per_second,cycle/second,"1,392,800,925.93"
19,129989,pinn,127.0.0.1,ampere_sgemm_32x128_nn,2022-Sep-16 13:47:03,1,7,Command line profiler metrics,sm__cycles_elapsed.avg,cycle,"7,737.57"
19,129989,pinn,127.0.0.1,ampere_sgemm_32x128_nn,2022-Sep-16 13:47:03,1,7,Command line profiler metrics,sm__cycles_elapsed.avg.per_second,cycle/second,"1,397,683,178.12"
20,129989,pinn,127.0.0.1,"void gemvNSP_kernel<float, float, float, float, (int)1, (int)32, (int)4, (int)1024, cublasGemvParams<cublasGemvTensorStridedBatched<const float>, cublasGemvTensorStridedBatched<const float>, cublasGemvTensorStridedBatched<float>, float>>(T9)",2022-Sep-16 13:47:03,1,7,Command line profiler metrics,sm__cycles_elapsed.avg,cycle,"6,747.74"
20,129989,pinn,127.0.0.1,"void gemvNSP_kernel<float, float, float, float, (int)1, (int)32, (int)4, (int)1024, cublasGemvParams<cublasGemvTensorStridedBatched<const float>, cublasGemvTensorStridedBatched<const float>, cublasGemvTensorStridedBatched<float>, float>>(T9)",2022-Sep-16 13:47:03,1,7,Command line profiler metrics,sm__cycles_elapsed.avg.per_second,cycle/second,"1,396,469,524.16"
21,129989,pinn,127.0.0.1,"void splitKreduce_kernel<float, float, float, float, (bool)1, (bool)0>(cublasSplitKParams<T3>, const T1 *, const T2 *, T2 *, const T3 *, const T3 *, const T4 *, void *, long, T3 *, int *)",2022-Sep-16 13:47:03,1,7,Command line profiler metrics,sm__cycles_elapsed.avg,cycle,"6,783.83"
21,129989,pinn,127.0.0.1,"void splitKreduce_kernel<float, float, float, float, (bool)1, (bool)0>(cublasSplitKParams<T3>, const T1 *, const T2 *, T2 *, const T3 *, const T3 *, const T4 *, void *, long, T3 *, int *)",2022-Sep-16 13:47:03,1,7,Command line profiler metrics,sm__cycles_elapsed.avg.per_second,cycle/second,"1,403,939,017.66"
22,129989,pinn,127.0.0.1,"void at::native::reduce_kernel<(int)512, (int)1, at::native::ReduceOp<float, at::native::func_wrapper_t<float, at::native::sum_functor<float, float, float>::operator ()(at::TensorIterator &)::[lambda(float, float) (instance 1)]>, unsigned int, float, (int)4>>(T3)",2022-Sep-16 13:47:03,1,7,Command line profiler metrics,sm__cycles_elapsed.avg,cycle,"8,929.83"
22,129989,pinn,127.0.0.1,"void at::native::reduce_kernel<(int)512, (int)1, at::native::ReduceOp<float, at::native::func_wrapper_t<float, at::native::sum_functor<float, float, float>::operator ()(at::TensorIterator &)::[lambda(float, float) (instance 1)]>, unsigned int, float, (int)4>>(T3)",2022-Sep-16 13:47:03,1,7,Command line profiler metrics,sm__cycles_elapsed.avg.per_second,cycle/second,"1,402,297,948.07"
23,129989,pinn,127.0.0.1,"void at::native::vectorized_elementwise_kernel<(int)4, at::native::tanh_backward_kernel_cuda(at::TensorIteratorBase &)::[lambda() (instance 2)]::operator ()() const::[lambda() (instance 4)]::operator ()() const::[lambda(float, float) (instance 1)], at::detail::Array<char *, (int)3>>(int, T2, T3)",2022-Sep-16 13:47:03,1,7,Command line profiler metrics,sm__cycles_elapsed.avg,cycle,"4,629.35"
23,129989,pinn,127.0.0.1,"void at::native::vectorized_elementwise_kernel<(int)4, at::native::tanh_backward_kernel_cuda(at::TensorIteratorBase &)::[lambda() (instance 2)]::operator ()() const::[lambda() (instance 4)]::operator ()() const::[lambda(float, float) (instance 1)], at::detail::Array<char *, (int)3>>(int, T2, T3)",2022-Sep-16 13:47:03,1,7,Command line profiler metrics,sm__cycles_elapsed.avg.per_second,cycle/second,"1,391,031,205.48"
24,129989,pinn,127.0.0.1,ampere_sgemm_32x128_nn,2022-Sep-16 13:47:03,1,7,Command line profiler metrics,sm__cycles_elapsed.avg,cycle,"9,143.28"
24,129989,pinn,127.0.0.1,ampere_sgemm_32x128_nn,2022-Sep-16 13:47:03,1,7,Command line profiler metrics,sm__cycles_elapsed.avg.per_second,cycle/second,"1,393,792,344.17"
25,129989,pinn,127.0.0.1,ampere_sgemm_32x32_sliced1x4_nt,2022-Sep-16 13:47:03,1,7,Command line profiler metrics,sm__cycles_elapsed.avg,cycle,"179,099.56"
25,129989,pinn,127.0.0.1,ampere_sgemm_32x32_sliced1x4_nt,2022-Sep-16 13:47:03,1,7,Command line profiler metrics,sm__cycles_elapsed.avg.per_second,cycle/second,"1,409,788,692.98"
26,129989,pinn,127.0.0.1,"void at::native::reduce_kernel<(int)128, (int)4, at::native::ReduceOp<float, at::native::func_wrapper_t<float, at::native::sum_functor<float, float, float>::operator ()(at::TensorIterator &)::[lambda(float, float) (instance 1)]>, unsigned int, float, (int)4>>(T3)",2022-Sep-16 13:47:03,1,7,Command line profiler metrics,sm__cycles_elapsed.avg,cycle,"33,298.52"
26,129989,pinn,127.0.0.1,"void at::native::reduce_kernel<(int)128, (int)4, at::native::ReduceOp<float, at::native::func_wrapper_t<float, at::native::sum_functor<float, float, float>::operator ()(at::TensorIterator &)::[lambda(float, float) (instance 1)]>, unsigned int, float, (int)4>>(T3)",2022-Sep-16 13:47:03,1,7,Command line profiler metrics,sm__cycles_elapsed.avg.per_second,cycle/second,"1,408,090,262.12"
27,129989,pinn,127.0.0.1,"void at::native::vectorized_elementwise_kernel<(int)4, at::native::tanh_backward_kernel_cuda(at::TensorIteratorBase &)::[lambda() (instance 2)]::operator ()() const::[lambda() (instance 4)]::operator ()() const::[lambda(float, float) (instance 1)], at::detail::Array<char *, (int)3>>(int, T2, T3)",2022-Sep-16 13:47:03,1,7,Command line profiler metrics,sm__cycles_elapsed.avg,cycle,"4,952.48"
27,129989,pinn,127.0.0.1,"void at::native::vectorized_elementwise_kernel<(int)4, at::native::tanh_backward_kernel_cuda(at::TensorIteratorBase &)::[lambda() (instance 2)]::operator ()() const::[lambda() (instance 4)]::operator ()() const::[lambda(float, float) (instance 1)], at::detail::Array<char *, (int)3>>(int, T2, T3)",2022-Sep-16 13:47:03,1,7,Command line profiler metrics,sm__cycles_elapsed.avg.per_second,cycle/second,"1,381,830,770.50"
28,129989,pinn,127.0.0.1,ampere_sgemm_32x128_nn,2022-Sep-16 13:47:03,1,7,Command line profiler metrics,sm__cycles_elapsed.avg,cycle,"8,964.93"
28,129989,pinn,127.0.0.1,ampere_sgemm_32x128_nn,2022-Sep-16 13:47:03,1,7,Command line profiler metrics,sm__cycles_elapsed.avg.per_second,cycle/second,"1,386,900,669.23"
29,129989,pinn,127.0.0.1,ampere_sgemm_32x32_sliced1x4_nt,2022-Sep-16 13:47:03,1,7,Command line profiler metrics,sm__cycles_elapsed.avg,cycle,"176,478.83"
29,129989,pinn,127.0.0.1,ampere_sgemm_32x32_sliced1x4_nt,2022-Sep-16 13:47:03,1,7,Command line profiler metrics,sm__cycles_elapsed.avg.per_second,cycle/second,"1,409,395,231.71"
30,129989,pinn,127.0.0.1,"void at::native::reduce_kernel<(int)128, (int)4, at::native::ReduceOp<float, at::native::func_wrapper_t<float, at::native::sum_functor<float, float, float>::operator ()(at::TensorIterator &)::[lambda(float, float) (instance 1)]>, unsigned int, float, (int)4>>(T3)",2022-Sep-16 13:47:03,1,7,Command line profiler metrics,sm__cycles_elapsed.avg,cycle,"33,157.26"
30,129989,pinn,127.0.0.1,"void at::native::reduce_kernel<(int)128, (int)4, at::native::ReduceOp<float, at::native::func_wrapper_t<float, at::native::sum_functor<float, float, float>::operator ()(at::TensorIterator &)::[lambda(float, float) (instance 1)]>, unsigned int, float, (int)4>>(T3)",2022-Sep-16 13:47:03,1,7,Command line profiler metrics,sm__cycles_elapsed.avg.per_second,cycle/second,"1,407,831,999.80"
31,129989,pinn,127.0.0.1,"void at::native::vectorized_elementwise_kernel<(int)4, at::native::tanh_backward_kernel_cuda(at::TensorIteratorBase &)::[lambda() (instance 2)]::operator ()() const::[lambda() (instance 4)]::operator ()() const::[lambda(float, float) (instance 1)], at::detail::Array<char *, (int)3>>(int, T2, T3)",2022-Sep-16 13:47:03,1,7,Command line profiler metrics,sm__cycles_elapsed.avg,cycle,"4,647.91"
31,129989,pinn,127.0.0.1,"void at::native::vectorized_elementwise_kernel<(int)4, at::native::tanh_backward_kernel_cuda(at::TensorIteratorBase &)::[lambda() (instance 2)]::operator ()() const::[lambda() (instance 4)]::operator ()() const::[lambda(float, float) (instance 1)], at::detail::Array<char *, (int)3>>(int, T2, T3)",2022-Sep-16 13:47:03,1,7,Command line profiler metrics,sm__cycles_elapsed.avg.per_second,cycle/second,"1,396,606,793.09"
32,129989,pinn,127.0.0.1,ampere_sgemm_32x128_nn,2022-Sep-16 13:47:03,1,7,Command line profiler metrics,sm__cycles_elapsed.avg,cycle,"9,568.15"
32,129989,pinn,127.0.0.1,ampere_sgemm_32x128_nn,2022-Sep-16 13:47:03,1,7,Command line profiler metrics,sm__cycles_elapsed.avg.per_second,cycle/second,"1,390,719,207.58"
33,129989,pinn,127.0.0.1,ampere_sgemm_32x32_sliced1x4_nt,2022-Sep-16 13:47:03,1,7,Command line profiler metrics,sm__cycles_elapsed.avg,cycle,"176,596.85"
33,129989,pinn,127.0.0.1,ampere_sgemm_32x32_sliced1x4_nt,2022-Sep-16 13:47:03,1,7,Command line profiler metrics,sm__cycles_elapsed.avg.per_second,cycle/second,"1,409,617,272.13"
34,129989,pinn,127.0.0.1,"void at::native::reduce_kernel<(int)128, (int)4, at::native::ReduceOp<float, at::native::func_wrapper_t<float, at::native::sum_functor<float, float, float>::operator ()(at::TensorIterator &)::[lambda(float, float) (instance 1)]>, unsigned int, float, (int)4>>(T3)",2022-Sep-16 13:47:03,1,7,Command line profiler metrics,sm__cycles_elapsed.avg,cycle,"33,071"
34,129989,pinn,127.0.0.1,"void at::native::reduce_kernel<(int)128, (int)4, at::native::ReduceOp<float, at::native::func_wrapper_t<float, at::native::sum_functor<float, float, float>::operator ()(at::TensorIterator &)::[lambda(float, float) (instance 1)]>, unsigned int, float, (int)4>>(T3)",2022-Sep-16 13:47:03,1,7,Command line profiler metrics,sm__cycles_elapsed.avg.per_second,cycle/second,"1,407,995,572.21"
35,129989,pinn,127.0.0.1,"void at::native::vectorized_elementwise_kernel<(int)4, at::native::tanh_backward_kernel_cuda(at::TensorIteratorBase &)::[lambda() (instance 2)]::operator ()() const::[lambda() (instance 4)]::operator ()() const::[lambda(float, float) (instance 1)], at::detail::Array<char *, (int)3>>(int, T2, T3)",2022-Sep-16 13:47:03,1,7,Command line profiler metrics,sm__cycles_elapsed.avg,cycle,"4,556.17"
35,129989,pinn,127.0.0.1,"void at::native::vectorized_elementwise_kernel<(int)4, at::native::tanh_backward_kernel_cuda(at::TensorIteratorBase &)::[lambda() (instance 2)]::operator ()() const::[lambda() (instance 4)]::operator ()() const::[lambda(float, float) (instance 1)], at::detail::Array<char *, (int)3>>(int, T2, T3)",2022-Sep-16 13:47:03,1,7,Command line profiler metrics,sm__cycles_elapsed.avg.per_second,cycle/second,"1,382,332,119.74"
36,129989,pinn,127.0.0.1,ampere_sgemm_32x128_nn,2022-Sep-16 13:47:03,1,7,Command line profiler metrics,sm__cycles_elapsed.avg,cycle,"9,005.41"
36,129989,pinn,127.0.0.1,ampere_sgemm_32x128_nn,2022-Sep-16 13:47:03,1,7,Command line profiler metrics,sm__cycles_elapsed.avg.per_second,cycle/second,"1,393,163,274.66"
37,129989,pinn,127.0.0.1,ampere_sgemm_32x32_sliced1x4_nt,2022-Sep-16 13:47:03,1,7,Command line profiler metrics,sm__cycles_elapsed.avg,cycle,"175,245.15"
37,129989,pinn,127.0.0.1,ampere_sgemm_32x32_sliced1x4_nt,2022-Sep-16 13:47:03,1,7,Command line profiler metrics,sm__cycles_elapsed.avg.per_second,cycle/second,"1,409,629,570.05"
38,129989,pinn,127.0.0.1,"void at::native::reduce_kernel<(int)128, (int)4, at::native::ReduceOp<float, at::native::func_wrapper_t<float, at::native::sum_functor<float, float, float>::operator ()(at::TensorIterator &)::[lambda(float, float) (instance 1)]>, unsigned int, float, (int)4>>(T3)",2022-Sep-16 13:47:03,1,7,Command line profiler metrics,sm__cycles_elapsed.avg,cycle,"33,016.94"
38,129989,pinn,127.0.0.1,"void at::native::reduce_kernel<(int)128, (int)4, at::native::ReduceOp<float, at::native::func_wrapper_t<float, at::native::sum_functor<float, float, float>::operator ()(at::TensorIterator &)::[lambda(float, float) (instance 1)]>, unsigned int, float, (int)4>>(T3)",2022-Sep-16 13:47:03,1,7,Command line profiler metrics,sm__cycles_elapsed.avg.per_second,cycle/second,"1,407,611,887.98"
39,129989,pinn,127.0.0.1,"void at::native::vectorized_elementwise_kernel<(int)4, at::native::tanh_backward_kernel_cuda(at::TensorIteratorBase &)::[lambda() (instance 2)]::operator ()() const::[lambda() (instance 4)]::operator ()() const::[lambda(float, float) (instance 1)], at::detail::Array<char *, (int)3>>(int, T2, T3)",2022-Sep-16 13:47:03,1,7,Command line profiler metrics,sm__cycles_elapsed.avg,cycle,"4,718.06"
39,129989,pinn,127.0.0.1,"void at::native::vectorized_elementwise_kernel<(int)4, at::native::tanh_backward_kernel_cuda(at::TensorIteratorBase &)::[lambda() (instance 2)]::operator ()() const::[lambda() (instance 4)]::operator ()() const::[lambda(float, float) (instance 1)], at::detail::Array<char *, (int)3>>(int, T2, T3)",2022-Sep-16 13:47:03,1,7,Command line profiler metrics,sm__cycles_elapsed.avg.per_second,cycle/second,"1,390,936,189.73"
40,129989,pinn,127.0.0.1,ampere_sgemm_32x128_nn,2022-Sep-16 13:47:03,1,7,Command line profiler metrics,sm__cycles_elapsed.avg,cycle,"8,927.94"
40,129989,pinn,127.0.0.1,ampere_sgemm_32x128_nn,2022-Sep-16 13:47:03,1,7,Command line profiler metrics,sm__cycles_elapsed.avg.per_second,cycle/second,"1,402,001,326.07"
41,129989,pinn,127.0.0.1,ampere_sgemm_32x32_sliced1x4_nt,2022-Sep-16 13:47:03,1,7,Command line profiler metrics,sm__cycles_elapsed.avg,cycle,"167,755.70"
41,129989,pinn,127.0.0.1,ampere_sgemm_32x32_sliced1x4_nt,2022-Sep-16 13:47:03,1,7,Command line profiler metrics,sm__cycles_elapsed.avg.per_second,cycle/second,"1,409,617,031.66"
42,129989,pinn,127.0.0.1,"void at::native::reduce_kernel<(int)128, (int)4, at::native::ReduceOp<float, at::native::func_wrapper_t<float, at::native::sum_functor<float, float, float>::operator ()(at::TensorIterator &)::[lambda(float, float) (instance 1)]>, unsigned int, float, (int)4>>(T3)",2022-Sep-16 13:47:03,1,7,Command line profiler metrics,sm__cycles_elapsed.avg,cycle,"33,120.11"
42,129989,pinn,127.0.0.1,"void at::native::reduce_kernel<(int)128, (int)4, at::native::ReduceOp<float, at::native::func_wrapper_t<float, at::native::sum_functor<float, float, float>::operator ()(at::TensorIterator &)::[lambda(float, float) (instance 1)]>, unsigned int, float, (int)4>>(T3)",2022-Sep-16 13:47:03,1,7,Command line profiler metrics,sm__cycles_elapsed.avg.per_second,cycle/second,"1,406,254,717.69"
43,129989,pinn,127.0.0.1,"void at::native::vectorized_elementwise_kernel<(int)4, at::native::FillFunctor<float>, at::detail::Array<char *, (int)1>>(int, T2, T3)",2022-Sep-16 13:47:03,1,7,Command line profiler metrics,sm__cycles_elapsed.avg,cycle,"3,196.24"
43,129989,pinn,127.0.0.1,"void at::native::vectorized_elementwise_kernel<(int)4, at::native::FillFunctor<float>, at::detail::Array<char *, (int)1>>(int, T2, T3)",2022-Sep-16 13:47:03,1,7,Command line profiler metrics,sm__cycles_elapsed.avg.per_second,cycle/second,"1,387,257,265.95"
44,129989,pinn,127.0.0.1,"void at::native::vectorized_elementwise_kernel<(int)4, at::native::FillFunctor<float>, at::detail::Array<char *, (int)1>>(int, T2, T3)",2022-Sep-16 13:47:03,1,7,Command line profiler metrics,sm__cycles_elapsed.avg,cycle,"3,188.94"
44,129989,pinn,127.0.0.1,"void at::native::vectorized_elementwise_kernel<(int)4, at::native::FillFunctor<float>, at::detail::Array<char *, (int)1>>(int, T2, T3)",2022-Sep-16 13:47:03,1,7,Command line profiler metrics,sm__cycles_elapsed.avg.per_second,cycle/second,"1,384,090,470.68"
45,129989,pinn,127.0.0.1,"void at::native::elementwise_kernel<(int)128, (int)2, void at::native::gpu_kernel_impl<at::native::<unnamed>::direct_copy_kernel_cuda(at::TensorIteratorBase &)::[lambda() (instance 2)]::operator ()() const::[lambda() (instance 8)]::operator ()() const::[lambda(float) (instance 1)]>(at::TensorIteratorBase &, const T1 &)::[lambda(int) (instance 1)]>(int, T3)",2022-Sep-16 13:47:03,1,7,Command line profiler metrics,sm__cycles_elapsed.avg,cycle,"5,756.39"
45,129989,pinn,127.0.0.1,"void at::native::elementwise_kernel<(int)128, (int)2, void at::native::gpu_kernel_impl<at::native::<unnamed>::direct_copy_kernel_cuda(at::TensorIteratorBase &)::[lambda() (instance 2)]::operator ()() const::[lambda() (instance 8)]::operator ()() const::[lambda(float) (instance 1)]>(at::TensorIteratorBase &, const T1 &)::[lambda(int) (instance 1)]>(int, T3)",2022-Sep-16 13:47:03,1,7,Command line profiler metrics,sm__cycles_elapsed.avg.per_second,cycle/second,"1,383,747,329.06"
46,129989,pinn,127.0.0.1,ampere_sgemm_32x32_sliced1x4_nt,2022-Sep-16 13:47:04,1,7,Command line profiler metrics,sm__cycles_elapsed.avg,cycle,"167,790.24"
46,129989,pinn,127.0.0.1,ampere_sgemm_32x32_sliced1x4_nt,2022-Sep-16 13:47:04,1,7,Command line profiler metrics,sm__cycles_elapsed.avg.per_second,cycle/second,"1,408,392,431.68"
47,129989,pinn,127.0.0.1,ampere_sgemm_32x128_tn,2022-Sep-16 13:47:04,1,7,Command line profiler metrics,sm__cycles_elapsed.avg,cycle,"7,578"
47,129989,pinn,127.0.0.1,ampere_sgemm_32x128_tn,2022-Sep-16 13:47:04,1,7,Command line profiler metrics,sm__cycles_elapsed.avg.per_second,cycle/second,"1,393,014,705.88"
48,129989,pinn,127.0.0.1,"void at::native::vectorized_elementwise_kernel<(int)4, at::native::tanh_backward_kernel_cuda(at::TensorIteratorBase &)::[lambda() (instance 2)]::operator ()() const::[lambda() (instance 4)]::operator ()() const::[lambda(float, float) (instance 1)], at::detail::Array<char *, (int)3>>(int, T2, T3)",2022-Sep-16 13:47:04,1,7,Command line profiler metrics,sm__cycles_elapsed.avg,cycle,"4,634.48"
48,129989,pinn,127.0.0.1,"void at::native::vectorized_elementwise_kernel<(int)4, at::native::tanh_backward_kernel_cuda(at::TensorIteratorBase &)::[lambda() (instance 2)]::operator ()() const::[lambda() (instance 4)]::operator ()() const::[lambda(float, float) (instance 1)], at::detail::Array<char *, (int)3>>(int, T2, T3)",2022-Sep-16 13:47:04,1,7,Command line profiler metrics,sm__cycles_elapsed.avg.per_second,cycle/second,"1,392,572,560.54"
49,129989,pinn,127.0.0.1,"void at::native::vectorized_elementwise_kernel<(int)4, at::native::BUnaryFunctor<float, float, float, at::native::MulFunctor<float>>, at::detail::Array<char *, (int)2>>(int, T2, T3)",2022-Sep-16 13:47:04,1,7,Command line profiler metrics,sm__cycles_elapsed.avg,cycle,"4,400.50"
49,129989,pinn,127.0.0.1,"void at::native::vectorized_elementwise_kernel<(int)4, at::native::BUnaryFunctor<float, float, float, at::native::MulFunctor<float>>, at::detail::Array<char *, (int)2>>(int, T2, T3)",2022-Sep-16 13:47:04,1,7,Command line profiler metrics,sm__cycles_elapsed.avg.per_second,cycle/second,"1,375,156,250"
50,129989,pinn,127.0.0.1,"void at::native::vectorized_elementwise_kernel<(int)4, at::native::BinaryFunctor<float, float, float, at::native::MulFunctor<float>>, at::detail::Array<char *, (int)3>>(int, T2, T3)",2022-Sep-16 13:47:04,1,7,Command line profiler metrics,sm__cycles_elapsed.avg,cycle,"5,128.13"
50,129989,pinn,127.0.0.1,"void at::native::vectorized_elementwise_kernel<(int)4, at::native::BinaryFunctor<float, float, float, at::native::MulFunctor<float>>, at::detail::Array<char *, (int)3>>(int, T2, T3)",2022-Sep-16 13:47:04,1,7,Command line profiler metrics,sm__cycles_elapsed.avg.per_second,cycle/second,"1,381,500,439.02"
51,129989,pinn,127.0.0.1,"void at::native::vectorized_elementwise_kernel<(int)4, at::native::BinaryFunctor<float, float, float, at::native::MulFunctor<float>>, at::detail::Array<char *, (int)3>>(int, T2, T3)",2022-Sep-16 13:47:04,1,7,Command line profiler metrics,sm__cycles_elapsed.avg,cycle,"4,536.35"
51,129989,pinn,127.0.0.1,"void at::native::vectorized_elementwise_kernel<(int)4, at::native::BinaryFunctor<float, float, float, at::native::MulFunctor<float>>, at::detail::Array<char *, (int)3>>(int, T2, T3)",2022-Sep-16 13:47:04,1,7,Command line profiler metrics,sm__cycles_elapsed.avg.per_second,cycle/second,"1,389,813,680.10"
52,129989,pinn,127.0.0.1,ampere_sgemm_32x32_sliced1x4_nt,2022-Sep-16 13:47:04,1,7,Command line profiler metrics,sm__cycles_elapsed.avg,cycle,"174,517.41"
52,129989,pinn,127.0.0.1,ampere_sgemm_32x32_sliced1x4_nt,2022-Sep-16 13:47:04,1,7,Command line profiler metrics,sm__cycles_elapsed.avg.per_second,cycle/second,"1,409,581,023.90"
53,129989,pinn,127.0.0.1,ampere_sgemm_32x128_tn,2022-Sep-16 13:47:04,1,7,Command line profiler metrics,sm__cycles_elapsed.avg,cycle,"8,868.24"
53,129989,pinn,127.0.0.1,ampere_sgemm_32x128_tn,2022-Sep-16 13:47:04,1,7,Command line profiler metrics,sm__cycles_elapsed.avg.per_second,cycle/second,"1,392,625,744.46"
54,129989,pinn,127.0.0.1,"void at::native::vectorized_elementwise_kernel<(int)4, at::native::tanh_backward_kernel_cuda(at::TensorIteratorBase &)::[lambda() (instance 2)]::operator ()() const::[lambda() (instance 4)]::operator ()() const::[lambda(float, float) (instance 1)], at::detail::Array<char *, (int)3>>(int, T2, T3)",2022-Sep-16 13:47:04,1,7,Command line profiler metrics,sm__cycles_elapsed.avg,cycle,"4,753.06"
54,129989,pinn,127.0.0.1,"void at::native::vectorized_elementwise_kernel<(int)4, at::native::tanh_backward_kernel_cuda(at::TensorIteratorBase &)::[lambda() (instance 2)]::operator ()() const::[lambda() (instance 4)]::operator ()() const::[lambda(float, float) (instance 1)], at::detail::Array<char *, (int)3>>(int, T2, T3)",2022-Sep-16 13:47:04,1,7,Command line profiler metrics,sm__cycles_elapsed.avg.per_second,cycle/second,"1,388,158,748.70"
55,129989,pinn,127.0.0.1,"void at::native::vectorized_elementwise_kernel<(int)4, at::native::BUnaryFunctor<float, float, float, at::native::MulFunctor<float>>, at::detail::Array<char *, (int)2>>(int, T2, T3)",2022-Sep-16 13:47:04,1,7,Command line profiler metrics,sm__cycles_elapsed.avg,cycle,"4,270.78"
55,129989,pinn,127.0.0.1,"void at::native::vectorized_elementwise_kernel<(int)4, at::native::BUnaryFunctor<float, float, float, at::native::MulFunctor<float>>, at::detail::Array<char *, (int)2>>(int, T2, T3)",2022-Sep-16 13:47:04,1,7,Command line profiler metrics,sm__cycles_elapsed.avg.per_second,cycle/second,"1,390,227,141.20"
56,129989,pinn,127.0.0.1,"void at::native::vectorized_elementwise_kernel<(int)4, at::native::BinaryFunctor<float, float, float, at::native::MulFunctor<float>>, at::detail::Array<char *, (int)3>>(int, T2, T3)",2022-Sep-16 13:47:04,1,7,Command line profiler metrics,sm__cycles_elapsed.avg,cycle,"5,468.67"
56,129989,pinn,127.0.0.1,"void at::native::vectorized_elementwise_kernel<(int)4, at::native::BinaryFunctor<float, float, float, at::native::MulFunctor<float>>, at::detail::Array<char *, (int)3>>(int, T2, T3)",2022-Sep-16 13:47:04,1,7,Command line profiler metrics,sm__cycles_elapsed.avg.per_second,cycle/second,"1,389,397,018.97"
57,129989,pinn,127.0.0.1,"void at::native::vectorized_elementwise_kernel<(int)4, at::native::BinaryFunctor<float, float, float, at::native::MulFunctor<float>>, at::detail::Array<char *, (int)3>>(int, T2, T3)",2022-Sep-16 13:47:04,1,7,Command line profiler metrics,sm__cycles_elapsed.avg,cycle,"4,574.48"
57,129989,pinn,127.0.0.1,"void at::native::vectorized_elementwise_kernel<(int)4, at::native::BinaryFunctor<float, float, float, at::native::MulFunctor<float>>, at::detail::Array<char *, (int)3>>(int, T2, T3)",2022-Sep-16 13:47:04,1,7,Command line profiler metrics,sm__cycles_elapsed.avg.per_second,cycle/second,"1,387,888,798.99"
58,129989,pinn,127.0.0.1,ampere_sgemm_32x32_sliced1x4_nt,2022-Sep-16 13:47:04,1,7,Command line profiler metrics,sm__cycles_elapsed.avg,cycle,"173,673.13"
58,129989,pinn,127.0.0.1,ampere_sgemm_32x32_sliced1x4_nt,2022-Sep-16 13:47:04,1,7,Command line profiler metrics,sm__cycles_elapsed.avg.per_second,cycle/second,"1,409,684,493.75"
59,129989,pinn,127.0.0.1,ampere_sgemm_32x128_tn,2022-Sep-16 13:47:04,1,7,Command line profiler metrics,sm__cycles_elapsed.avg,cycle,"8,900.72"
59,129989,pinn,127.0.0.1,ampere_sgemm_32x128_tn,2022-Sep-16 13:47:04,1,7,Command line profiler metrics,sm__cycles_elapsed.avg.per_second,cycle/second,"1,390,737,847.22"
60,129989,pinn,127.0.0.1,"void at::native::vectorized_elementwise_kernel<(int)4, at::native::tanh_backward_kernel_cuda(at::TensorIteratorBase &)::[lambda() (instance 2)]::operator ()() const::[lambda() (instance 4)]::operator ()() const::[lambda(float, float) (instance 1)], at::detail::Array<char *, (int)3>>(int, T2, T3)",2022-Sep-16 13:47:04,1,7,Command line profiler metrics,sm__cycles_elapsed.avg,cycle,"4,722.26"
60,129989,pinn,127.0.0.1,"void at::native::vectorized_elementwise_kernel<(int)4, at::native::tanh_backward_kernel_cuda(at::TensorIteratorBase &)::[lambda() (instance 2)]::operator ()() const::[lambda() (instance 4)]::operator ()() const::[lambda(float, float) (instance 1)], at::detail::Array<char *, (int)3>>(int, T2, T3)",2022-Sep-16 13:47:04,1,7,Command line profiler metrics,sm__cycles_elapsed.avg.per_second,cycle/second,"1,379,164,503.29"
61,129989,pinn,127.0.0.1,"void at::native::vectorized_elementwise_kernel<(int)4, at::native::BUnaryFunctor<float, float, float, at::native::MulFunctor<float>>, at::detail::Array<char *, (int)2>>(int, T2, T3)",2022-Sep-16 13:47:04,1,7,Command line profiler metrics,sm__cycles_elapsed.avg,cycle,"4,325.59"
61,129989,pinn,127.0.0.1,"void at::native::vectorized_elementwise_kernel<(int)4, at::native::BUnaryFunctor<float, float, float, at::native::MulFunctor<float>>, at::detail::Array<char *, (int)2>>(int, T2, T3)",2022-Sep-16 13:47:04,1,7,Command line profiler metrics,sm__cycles_elapsed.avg.per_second,cycle/second,"1,393,554,314.62"
62,129989,pinn,127.0.0.1,"void at::native::vectorized_elementwise_kernel<(int)4, at::native::BinaryFunctor<float, float, float, at::native::MulFunctor<float>>, at::detail::Array<char *, (int)3>>(int, T2, T3)",2022-Sep-16 13:47:04,1,7,Command line profiler metrics,sm__cycles_elapsed.avg,cycle,"4,672.57"
62,129989,pinn,127.0.0.1,"void at::native::vectorized_elementwise_kernel<(int)4, at::native::BinaryFunctor<float, float, float, at::native::MulFunctor<float>>, at::detail::Array<char *, (int)3>>(int, T2, T3)",2022-Sep-16 13:47:04,1,7,Command line profiler metrics,sm__cycles_elapsed.avg.per_second,cycle/second,"1,390,647,045.86"
63,129989,pinn,127.0.0.1,"void at::native::vectorized_elementwise_kernel<(int)4, at::native::BinaryFunctor<float, float, float, at::native::MulFunctor<float>>, at::detail::Array<char *, (int)3>>(int, T2, T3)",2022-Sep-16 13:47:04,1,7,Command line profiler metrics,sm__cycles_elapsed.avg,cycle,"5,502.44"
63,129989,pinn,127.0.0.1,"void at::native::vectorized_elementwise_kernel<(int)4, at::native::BinaryFunctor<float, float, float, at::native::MulFunctor<float>>, at::detail::Array<char *, (int)3>>(int, T2, T3)",2022-Sep-16 13:47:04,1,7,Command line profiler metrics,sm__cycles_elapsed.avg.per_second,cycle/second,"1,386,704,749.10"
64,129989,pinn,127.0.0.1,ampere_sgemm_32x32_sliced1x4_nt,2022-Sep-16 13:47:04,1,7,Command line profiler metrics,sm__cycles_elapsed.avg,cycle,"179,756.31"
64,129989,pinn,127.0.0.1,ampere_sgemm_32x32_sliced1x4_nt,2022-Sep-16 13:47:04,1,7,Command line profiler metrics,sm__cycles_elapsed.avg.per_second,cycle/second,"1,394,930,429.09"
65,129989,pinn,127.0.0.1,ampere_sgemm_32x128_tn,2022-Sep-16 13:47:04,1,7,Command line profiler metrics,sm__cycles_elapsed.avg,cycle,"8,914.41"
65,129989,pinn,127.0.0.1,ampere_sgemm_32x128_tn,2022-Sep-16 13:47:04,1,7,Command line profiler metrics,sm__cycles_elapsed.avg.per_second,cycle/second,"1,385,946,425.28"
66,129989,pinn,127.0.0.1,"void at::native::vectorized_elementwise_kernel<(int)4, at::native::tanh_backward_kernel_cuda(at::TensorIteratorBase &)::[lambda() (instance 2)]::operator ()() const::[lambda() (instance 4)]::operator ()() const::[lambda(float, float) (instance 1)], at::detail::Array<char *, (int)3>>(int, T2, T3)",2022-Sep-16 13:47:04,1,7,Command line profiler metrics,sm__cycles_elapsed.avg,cycle,"4,785.85"
66,129989,pinn,127.0.0.1,"void at::native::vectorized_elementwise_kernel<(int)4, at::native::tanh_backward_kernel_cuda(at::TensorIteratorBase &)::[lambda() (instance 2)]::operator ()() const::[lambda() (instance 4)]::operator ()() const::[lambda(float, float) (instance 1)], at::detail::Array<char *, (int)3>>(int, T2, T3)",2022-Sep-16 13:47:04,1,7,Command line profiler metrics,sm__cycles_elapsed.avg.per_second,cycle/second,"1,384,795,096.02"
67,129989,pinn,127.0.0.1,"void at::native::vectorized_elementwise_kernel<(int)4, at::native::BUnaryFunctor<float, float, float, at::native::MulFunctor<float>>, at::detail::Array<char *, (int)2>>(int, T2, T3)",2022-Sep-16 13:47:04,1,7,Command line profiler metrics,sm__cycles_elapsed.avg,cycle,"4,371.76"
67,129989,pinn,127.0.0.1,"void at::native::vectorized_elementwise_kernel<(int)4, at::native::BUnaryFunctor<float, float, float, at::native::MulFunctor<float>>, at::detail::Array<char *, (int)2>>(int, T2, T3)",2022-Sep-16 13:47:04,1,7,Command line profiler metrics,sm__cycles_elapsed.avg.per_second,cycle/second,"1,379,974,513.66"
68,129989,pinn,127.0.0.1,"void at::native::vectorized_elementwise_kernel<(int)4, at::native::BinaryFunctor<float, float, float, at::native::MulFunctor<float>>, at::detail::Array<char *, (int)3>>(int, T2, T3)",2022-Sep-16 13:47:04,1,7,Command line profiler metrics,sm__cycles_elapsed.avg,cycle,"4,722.61"
68,129989,pinn,127.0.0.1,"void at::native::vectorized_elementwise_kernel<(int)4, at::native::BinaryFunctor<float, float, float, at::native::MulFunctor<float>>, at::detail::Array<char *, (int)3>>(int, T2, T3)",2022-Sep-16 13:47:04,1,7,Command line profiler metrics,sm__cycles_elapsed.avg.per_second,cycle/second,"1,379,267,263.76"
69,129989,pinn,127.0.0.1,"void at::native::vectorized_elementwise_kernel<(int)4, at::native::BinaryFunctor<float, float, float, at::native::MulFunctor<float>>, at::detail::Array<char *, (int)3>>(int, T2, T3)",2022-Sep-16 13:47:04,1,7,Command line profiler metrics,sm__cycles_elapsed.avg,cycle,"4,610.31"
69,129989,pinn,127.0.0.1,"void at::native::vectorized_elementwise_kernel<(int)4, at::native::BinaryFunctor<float, float, float, at::native::MulFunctor<float>>, at::detail::Array<char *, (int)3>>(int, T2, T3)",2022-Sep-16 13:47:04,1,7,Command line profiler metrics,sm__cycles_elapsed.avg.per_second,cycle/second,"1,372,117,504.41"
70,129989,pinn,127.0.0.1,ampere_sgemm_32x32_sliced1x4_nt,2022-Sep-16 13:47:04,1,7,Command line profiler metrics,sm__cycles_elapsed.avg,cycle,"179,278.13"
70,129989,pinn,127.0.0.1,ampere_sgemm_32x32_sliced1x4_nt,2022-Sep-16 13:47:04,1,7,Command line profiler metrics,sm__cycles_elapsed.avg.per_second,cycle/second,"1,409,419,258.09"
71,129989,pinn,127.0.0.1,ampere_sgemm_32x128_tn,2022-Sep-16 13:47:04,1,7,Command line profiler metrics,sm__cycles_elapsed.avg,cycle,"9,399.22"
71,129989,pinn,127.0.0.1,ampere_sgemm_32x128_tn,2022-Sep-16 13:47:04,1,7,Command line profiler metrics,sm__cycles_elapsed.avg.per_second,cycle/second,"1,398,693,783.07"
72,129989,pinn,127.0.0.1,"void at::native::vectorized_elementwise_kernel<(int)4, at::native::tanh_backward_kernel_cuda(at::TensorIteratorBase &)::[lambda() (instance 2)]::operator ()() const::[lambda() (instance 4)]::operator ()() const::[lambda(float, float) (instance 1)], at::detail::Array<char *, (int)3>>(int, T2, T3)",2022-Sep-16 13:47:04,1,7,Command line profiler metrics,sm__cycles_elapsed.avg,cycle,"4,693.80"
72,129989,pinn,127.0.0.1,"void at::native::vectorized_elementwise_kernel<(int)4, at::native::tanh_backward_kernel_cuda(at::TensorIteratorBase &)::[lambda() (instance 2)]::operator ()() const::[lambda() (instance 4)]::operator ()() const::[lambda(float, float) (instance 1)], at::detail::Array<char *, (int)3>>(int, T2, T3)",2022-Sep-16 13:47:04,1,7,Command line profiler metrics,sm__cycles_elapsed.avg.per_second,cycle/second,"1,383,784,285.46"
73,129989,pinn,127.0.0.1,"void at::native::vectorized_elementwise_kernel<(int)4, at::native::BUnaryFunctor<float, float, float, at::native::MulFunctor<float>>, at::detail::Array<char *, (int)2>>(int, T2, T3)",2022-Sep-16 13:47:04,1,7,Command line profiler metrics,sm__cycles_elapsed.avg,cycle,"4,120.85"
73,129989,pinn,127.0.0.1,"void at::native::vectorized_elementwise_kernel<(int)4, at::native::BUnaryFunctor<float, float, float, at::native::MulFunctor<float>>, at::detail::Array<char *, (int)2>>(int, T2, T3)",2022-Sep-16 13:47:04,1,7,Command line profiler metrics,sm__cycles_elapsed.avg.per_second,cycle/second,"1,384,694,842.69"
74,129989,pinn,127.0.0.1,"void at::native::vectorized_elementwise_kernel<(int)4, at::native::BinaryFunctor<float, float, float, at::native::MulFunctor<float>>, at::detail::Array<char *, (int)3>>(int, T2, T3)",2022-Sep-16 13:47:04,1,7,Command line profiler metrics,sm__cycles_elapsed.avg,cycle,"4,588.83"
74,129989,pinn,127.0.0.1,"void at::native::vectorized_elementwise_kernel<(int)4, at::native::BinaryFunctor<float, float, float, at::native::MulFunctor<float>>, at::detail::Array<char *, (int)3>>(int, T2, T3)",2022-Sep-16 13:47:04,1,7,Command line profiler metrics,sm__cycles_elapsed.avg.per_second,cycle/second,"1,392,243,122.98"
75,129989,pinn,127.0.0.1,"void at::native::vectorized_elementwise_kernel<(int)4, at::native::BinaryFunctor<float, float, float, at::native::MulFunctor<float>>, at::detail::Array<char *, (int)3>>(int, T2, T3)",2022-Sep-16 13:47:04,1,7,Command line profiler metrics,sm__cycles_elapsed.avg,cycle,"4,639.85"
75,129989,pinn,127.0.0.1,"void at::native::vectorized_elementwise_kernel<(int)4, at::native::BinaryFunctor<float, float, float, at::native::MulFunctor<float>>, at::detail::Array<char *, (int)3>>(int, T2, T3)",2022-Sep-16 13:47:04,1,7,Command line profiler metrics,sm__cycles_elapsed.avg.per_second,cycle/second,"1,380,908,289.24"
76,129989,pinn,127.0.0.1,"void at::native::vectorized_elementwise_kernel<(int)4, at::native::tanh_backward_kernel_cuda(at::TensorIteratorBase &)::[lambda() (instance 2)]::operator ()() const::[lambda() (instance 4)]::operator ()() const::[lambda(float, float) (instance 1)], at::detail::Array<char *, (int)3>>(int, T2, T3)",2022-Sep-16 13:47:04,1,7,Command line profiler metrics,sm__cycles_elapsed.avg,cycle,"4,479.41"
76,129989,pinn,127.0.0.1,"void at::native::vectorized_elementwise_kernel<(int)4, at::native::tanh_backward_kernel_cuda(at::TensorIteratorBase &)::[lambda() (instance 2)]::operator ()() const::[lambda() (instance 4)]::operator ()() const::[lambda(float, float) (instance 1)], at::detail::Array<char *, (int)3>>(int, T2, T3)",2022-Sep-16 13:47:04,1,7,Command line profiler metrics,sm__cycles_elapsed.avg.per_second,cycle/second,"1,385,955,262.19"
77,129989,pinn,127.0.0.1,ampere_sgemm_32x128_nn,2022-Sep-16 13:47:04,1,7,Command line profiler metrics,sm__cycles_elapsed.avg,cycle,"9,141.91"
77,129989,pinn,127.0.0.1,ampere_sgemm_32x128_nn,2022-Sep-16 13:47:04,1,7,Command line profiler metrics,sm__cycles_elapsed.avg.per_second,cycle/second,"1,393,583,446.25"
78,129989,pinn,127.0.0.1,ampere_sgemm_32x32_sliced1x4_nt,2022-Sep-16 13:47:04,1,7,Command line profiler metrics,sm__cycles_elapsed.avg,cycle,"174,107.35"
78,129989,pinn,127.0.0.1,ampere_sgemm_32x32_sliced1x4_nt,2022-Sep-16 13:47:04,1,7,Command line profiler metrics,sm__cycles_elapsed.avg.per_second,cycle/second,"1,408,453,208.74"
79,129989,pinn,127.0.0.1,"void at::native::reduce_kernel<(int)128, (int)4, at::native::ReduceOp<float, at::native::func_wrapper_t<float, at::native::sum_functor<float, float, float>::operator ()(at::TensorIterator &)::[lambda(float, float) (instance 1)]>, unsigned int, float, (int)4>>(T3)",2022-Sep-16 13:47:04,1,7,Command line profiler metrics,sm__cycles_elapsed.avg,cycle,"32,776.54"
79,129989,pinn,127.0.0.1,"void at::native::reduce_kernel<(int)128, (int)4, at::native::ReduceOp<float, at::native::func_wrapper_t<float, at::native::sum_functor<float, float, float>::operator ()(at::TensorIterator &)::[lambda(float, float) (instance 1)]>, unsigned int, float, (int)4>>(T3)",2022-Sep-16 13:47:04,1,7,Command line profiler metrics,sm__cycles_elapsed.avg.per_second,cycle/second,"1,406,959,865.94"
80,129989,pinn,127.0.0.1,"void at::native::vectorized_elementwise_kernel<(int)4, at::native::CUDAFunctor_add<float>, at::detail::Array<char *, (int)3>>(int, T2, T3)",2022-Sep-16 13:47:04,1,7,Command line profiler metrics,sm__cycles_elapsed.avg,cycle,"6,521.69"
80,129989,pinn,127.0.0.1,"void at::native::vectorized_elementwise_kernel<(int)4, at::native::CUDAFunctor_add<float>, at::detail::Array<char *, (int)3>>(int, T2, T3)",2022-Sep-16 13:47:04,1,7,Command line profiler metrics,sm__cycles_elapsed.avg.per_second,cycle/second,"1,386,412,666.92"
81,129989,pinn,127.0.0.1,"void at::native::vectorized_elementwise_kernel<(int)4, at::native::tanh_backward_kernel_cuda(at::TensorIteratorBase &)::[lambda() (instance 2)]::operator ()() const::[lambda() (instance 4)]::operator ()() const::[lambda(float, float) (instance 1)], at::detail::Array<char *, (int)3>>(int, T2, T3)",2022-Sep-16 13:47:04,1,7,Command line profiler metrics,sm__cycles_elapsed.avg,cycle,"4,806.65"
81,129989,pinn,127.0.0.1,"void at::native::vectorized_elementwise_kernel<(int)4, at::native::tanh_backward_kernel_cuda(at::TensorIteratorBase &)::[lambda() (instance 2)]::operator ()() const::[lambda() (instance 4)]::operator ()() const::[lambda(float, float) (instance 1)], at::detail::Array<char *, (int)3>>(int, T2, T3)",2022-Sep-16 13:47:04,1,7,Command line profiler metrics,sm__cycles_elapsed.avg.per_second,cycle/second,"1,378,052,794.77"
82,129989,pinn,127.0.0.1,ampere_sgemm_32x128_nn,2022-Sep-16 13:47:04,1,7,Command line profiler metrics,sm__cycles_elapsed.avg,cycle,"9,003.15"
82,129989,pinn,127.0.0.1,ampere_sgemm_32x128_nn,2022-Sep-16 13:47:04,1,7,Command line profiler metrics,sm__cycles_elapsed.avg.per_second,cycle/second,"1,399,743,182.24"
83,129989,pinn,127.0.0.1,ampere_sgemm_32x32_sliced1x4_nt,2022-Sep-16 13:47:04,1,7,Command line profiler metrics,sm__cycles_elapsed.avg,cycle,"177,194.46"
83,129989,pinn,127.0.0.1,ampere_sgemm_32x32_sliced1x4_nt,2022-Sep-16 13:47:04,1,7,Command line profiler metrics,sm__cycles_elapsed.avg.per_second,cycle/second,"1,408,272,372.23"
84,129989,pinn,127.0.0.1,"void at::native::reduce_kernel<(int)128, (int)4, at::native::ReduceOp<float, at::native::func_wrapper_t<float, at::native::sum_functor<float, float, float>::operator ()(at::TensorIterator &)::[lambda(float, float) (instance 1)]>, unsigned int, float, (int)4>>(T3)",2022-Sep-16 13:47:04,1,7,Command line profiler metrics,sm__cycles_elapsed.avg,cycle,"33,641.63"
84,129989,pinn,127.0.0.1,"void at::native::reduce_kernel<(int)128, (int)4, at::native::ReduceOp<float, at::native::func_wrapper_t<float, at::native::sum_functor<float, float, float>::operator ()(at::TensorIterator &)::[lambda(float, float) (instance 1)]>, unsigned int, float, (int)4>>(T3)",2022-Sep-16 13:47:04,1,7,Command line profiler metrics,sm__cycles_elapsed.avg.per_second,cycle/second,"1,407,364,024.00"
85,129989,pinn,127.0.0.1,"void at::native::vectorized_elementwise_kernel<(int)4, at::native::CUDAFunctor_add<float>, at::detail::Array<char *, (int)3>>(int, T2, T3)",2022-Sep-16 13:47:04,1,7,Command line profiler metrics,sm__cycles_elapsed.avg,cycle,"4,725.61"
85,129989,pinn,127.0.0.1,"void at::native::vectorized_elementwise_kernel<(int)4, at::native::CUDAFunctor_add<float>, at::detail::Array<char *, (int)3>>(int, T2, T3)",2022-Sep-16 13:47:04,1,7,Command line profiler metrics,sm__cycles_elapsed.avg.per_second,cycle/second,"1,393,163,653.04"
86,129989,pinn,127.0.0.1,"void at::native::vectorized_elementwise_kernel<(int)4, at::native::tanh_backward_kernel_cuda(at::TensorIteratorBase &)::[lambda() (instance 2)]::operator ()() const::[lambda() (instance 4)]::operator ()() const::[lambda(float, float) (instance 1)], at::detail::Array<char *, (int)3>>(int, T2, T3)",2022-Sep-16 13:47:04,1,7,Command line profiler metrics,sm__cycles_elapsed.avg,cycle,"4,756.22"
86,129989,pinn,127.0.0.1,"void at::native::vectorized_elementwise_kernel<(int)4, at::native::tanh_backward_kernel_cuda(at::TensorIteratorBase &)::[lambda() (instance 2)]::operator ()() const::[lambda() (instance 4)]::operator ()() const::[lambda(float, float) (instance 1)], at::detail::Array<char *, (int)3>>(int, T2, T3)",2022-Sep-16 13:47:04,1,7,Command line profiler metrics,sm__cycles_elapsed.avg.per_second,cycle/second,"1,389,083,592.94"
87,129989,pinn,127.0.0.1,ampere_sgemm_32x128_nn,2022-Sep-16 13:47:04,1,7,Command line profiler metrics,sm__cycles_elapsed.avg,cycle,"8,909.50"
87,129989,pinn,127.0.0.1,ampere_sgemm_32x128_nn,2022-Sep-16 13:47:04,1,7,Command line profiler metrics,sm__cycles_elapsed.avg.per_second,cycle/second,"1,392,109,375"
88,129989,pinn,127.0.0.1,ampere_sgemm_32x32_sliced1x4_nt,2022-Sep-16 13:47:04,1,7,Command line profiler metrics,sm__cycles_elapsed.avg,cycle,"177,679.59"
88,129989,pinn,127.0.0.1,ampere_sgemm_32x32_sliced1x4_nt,2022-Sep-16 13:47:04,1,7,Command line profiler metrics,sm__cycles_elapsed.avg.per_second,cycle/second,"1,409,260,728.05"
89,129989,pinn,127.0.0.1,"void at::native::reduce_kernel<(int)128, (int)4, at::native::ReduceOp<float, at::native::func_wrapper_t<float, at::native::sum_functor<float, float, float>::operator ()(at::TensorIterator &)::[lambda(float, float) (instance 1)]>, unsigned int, float, (int)4>>(T3)",2022-Sep-16 13:47:04,1,7,Command line profiler metrics,sm__cycles_elapsed.avg,cycle,"32,130.85"
89,129989,pinn,127.0.0.1,"void at::native::reduce_kernel<(int)128, (int)4, at::native::ReduceOp<float, at::native::func_wrapper_t<float, at::native::sum_functor<float, float, float>::operator ()(at::TensorIterator &)::[lambda(float, float) (instance 1)]>, unsigned int, float, (int)4>>(T3)",2022-Sep-16 13:47:04,1,7,Command line profiler metrics,sm__cycles_elapsed.avg.per_second,cycle/second,"1,406,287,283.43"
90,129989,pinn,127.0.0.1,"void at::native::vectorized_elementwise_kernel<(int)4, at::native::CUDAFunctor_add<float>, at::detail::Array<char *, (int)3>>(int, T2, T3)",2022-Sep-16 13:47:04,1,7,Command line profiler metrics,sm__cycles_elapsed.avg,cycle,"4,726.30"
90,129989,pinn,127.0.0.1,"void at::native::vectorized_elementwise_kernel<(int)4, at::native::CUDAFunctor_add<float>, at::detail::Array<char *, (int)3>>(int, T2, T3)",2022-Sep-16 13:47:04,1,7,Command line profiler metrics,sm__cycles_elapsed.avg.per_second,cycle/second,"1,380,343,544.48"
91,129989,pinn,127.0.0.1,"void at::native::vectorized_elementwise_kernel<(int)4, at::native::tanh_backward_kernel_cuda(at::TensorIteratorBase &)::[lambda() (instance 2)]::operator ()() const::[lambda() (instance 4)]::operator ()() const::[lambda(float, float) (instance 1)], at::detail::Array<char *, (int)3>>(int, T2, T3)",2022-Sep-16 13:47:04,1,7,Command line profiler metrics,sm__cycles_elapsed.avg,cycle,"4,685.83"
91,129989,pinn,127.0.0.1,"void at::native::vectorized_elementwise_kernel<(int)4, at::native::tanh_backward_kernel_cuda(at::TensorIteratorBase &)::[lambda() (instance 2)]::operator ()() const::[lambda() (instance 4)]::operator ()() const::[lambda(float, float) (instance 1)], at::detail::Array<char *, (int)3>>(int, T2, T3)",2022-Sep-16 13:47:04,1,7,Command line profiler metrics,sm__cycles_elapsed.avg.per_second,cycle/second,"1,394,593,253.97"
92,129989,pinn,127.0.0.1,ampere_sgemm_32x128_nn,2022-Sep-16 13:47:04,1,7,Command line profiler metrics,sm__cycles_elapsed.avg,cycle,"8,996.74"
92,129989,pinn,127.0.0.1,ampere_sgemm_32x128_nn,2022-Sep-16 13:47:04,1,7,Command line profiler metrics,sm__cycles_elapsed.avg.per_second,cycle/second,"1,391,822,515.58"
93,129989,pinn,127.0.0.1,ampere_sgemm_32x32_sliced1x4_nt,2022-Sep-16 13:47:04,1,7,Command line profiler metrics,sm__cycles_elapsed.avg,cycle,"177,496.80"
93,129989,pinn,127.0.0.1,ampere_sgemm_32x32_sliced1x4_nt,2022-Sep-16 13:47:04,1,7,Command line profiler metrics,sm__cycles_elapsed.avg.per_second,cycle/second,"1,408,168,287.45"
94,129989,pinn,127.0.0.1,"void at::native::reduce_kernel<(int)128, (int)4, at::native::ReduceOp<float, at::native::func_wrapper_t<float, at::native::sum_functor<float, float, float>::operator ()(at::TensorIterator &)::[lambda(float, float) (instance 1)]>, unsigned int, float, (int)4>>(T3)",2022-Sep-16 13:47:04,1,7,Command line profiler metrics,sm__cycles_elapsed.avg,cycle,"32,149.07"
94,129989,pinn,127.0.0.1,"void at::native::reduce_kernel<(int)128, (int)4, at::native::ReduceOp<float, at::native::func_wrapper_t<float, at::native::sum_functor<float, float, float>::operator ()(at::TensorIterator &)::[lambda(float, float) (instance 1)]>, unsigned int, float, (int)4>>(T3)",2022-Sep-16 13:47:04,1,7,Command line profiler metrics,sm__cycles_elapsed.avg.per_second,cycle/second,"1,405,116,873.87"
95,129989,pinn,127.0.0.1,"void at::native::vectorized_elementwise_kernel<(int)4, at::native::CUDAFunctor_add<float>, at::detail::Array<char *, (int)3>>(int, T2, T3)",2022-Sep-16 13:47:04,1,7,Command line profiler metrics,sm__cycles_elapsed.avg,cycle,"4,641.85"
95,129989,pinn,127.0.0.1,"void at::native::vectorized_elementwise_kernel<(int)4, at::native::CUDAFunctor_add<float>, at::detail::Array<char *, (int)3>>(int, T2, T3)",2022-Sep-16 13:47:04,1,7,Command line profiler metrics,sm__cycles_elapsed.avg.per_second,cycle/second,"1,381,503,527.34"
96,129989,pinn,127.0.0.1,"void at::native::vectorized_elementwise_kernel<(int)4, at::native::tanh_backward_kernel_cuda(at::TensorIteratorBase &)::[lambda() (instance 2)]::operator ()() const::[lambda() (instance 4)]::operator ()() const::[lambda(float, float) (instance 1)], at::detail::Array<char *, (int)3>>(int, T2, T3)",2022-Sep-16 13:47:04,1,7,Command line profiler metrics,sm__cycles_elapsed.avg,cycle,"4,639.19"
96,129989,pinn,127.0.0.1,"void at::native::vectorized_elementwise_kernel<(int)4, at::native::tanh_backward_kernel_cuda(at::TensorIteratorBase &)::[lambda() (instance 2)]::operator ()() const::[lambda() (instance 4)]::operator ()() const::[lambda(float, float) (instance 1)], at::detail::Array<char *, (int)3>>(int, T2, T3)",2022-Sep-16 13:47:04,1,7,Command line profiler metrics,sm__cycles_elapsed.avg.per_second,cycle/second,"1,393,985,933.05"
97,129989,pinn,127.0.0.1,ampere_sgemm_32x128_nn,2022-Sep-16 13:47:04,1,7,Command line profiler metrics,sm__cycles_elapsed.avg,cycle,"8,832.57"
97,129989,pinn,127.0.0.1,ampere_sgemm_32x128_nn,2022-Sep-16 13:47:04,1,7,Command line profiler metrics,sm__cycles_elapsed.avg.per_second,cycle/second,"1,394,029,999.06"
98,129989,pinn,127.0.0.1,ampere_sgemm_32x32_sliced1x4_nt,2022-Sep-16 13:47:04,1,7,Command line profiler metrics,sm__cycles_elapsed.avg,cycle,"169,770.19"
98,129989,pinn,127.0.0.1,ampere_sgemm_32x32_sliced1x4_nt,2022-Sep-16 13:47:04,1,7,Command line profiler metrics,sm__cycles_elapsed.avg.per_second,cycle/second,"1,407,619,603.88"
99,129989,pinn,127.0.0.1,"void at::native::reduce_kernel<(int)128, (int)4, at::native::ReduceOp<float, at::native::func_wrapper_t<float, at::native::sum_functor<float, float, float>::operator ()(at::TensorIterator &)::[lambda(float, float) (instance 1)]>, unsigned int, float, (int)4>>(T3)",2022-Sep-16 13:47:04,1,7,Command line profiler metrics,sm__cycles_elapsed.avg,cycle,"32,017.43"
99,129989,pinn,127.0.0.1,"void at::native::reduce_kernel<(int)128, (int)4, at::native::ReduceOp<float, at::native::func_wrapper_t<float, at::native::sum_functor<float, float, float>::operator ()(at::TensorIterator &)::[lambda(float, float) (instance 1)]>, unsigned int, float, (int)4>>(T3)",2022-Sep-16 13:47:04,1,7,Command line profiler metrics,sm__cycles_elapsed.avg.per_second,cycle/second,"1,403,288,303.21"
100,129989,pinn,127.0.0.1,"void at::native::vectorized_elementwise_kernel<(int)4, at::native::FillFunctor<float>, at::detail::Array<char *, (int)1>>(int, T2, T3)",2022-Sep-16 13:47:04,1,7,Command line profiler metrics,sm__cycles_elapsed.avg,cycle,"3,200.09"
100,129989,pinn,127.0.0.1,"void at::native::vectorized_elementwise_kernel<(int)4, at::native::FillFunctor<float>, at::detail::Array<char *, (int)1>>(int, T2, T3)",2022-Sep-16 13:47:04,1,7,Command line profiler metrics,sm__cycles_elapsed.avg.per_second,cycle/second,"1,388,929,076.65"
101,129989,pinn,127.0.0.1,"void at::native::vectorized_elementwise_kernel<(int)4, at::native::FillFunctor<float>, at::detail::Array<char *, (int)1>>(int, T2, T3)",2022-Sep-16 13:47:04,1,7,Command line profiler metrics,sm__cycles_elapsed.avg,cycle,"3,187.35"
101,129989,pinn,127.0.0.1,"void at::native::vectorized_elementwise_kernel<(int)4, at::native::FillFunctor<float>, at::detail::Array<char *, (int)1>>(int, T2, T3)",2022-Sep-16 13:47:04,1,7,Command line profiler metrics,sm__cycles_elapsed.avg.per_second,cycle/second,"1,383,399,241.26"
102,129989,pinn,127.0.0.1,"void at::native::elementwise_kernel<(int)128, (int)2, void at::native::gpu_kernel_impl<at::native::<unnamed>::direct_copy_kernel_cuda(at::TensorIteratorBase &)::[lambda() (instance 2)]::operator ()() const::[lambda() (instance 8)]::operator ()() const::[lambda(float) (instance 1)]>(at::TensorIteratorBase &, const T1 &)::[lambda(int) (instance 1)]>(int, T3)",2022-Sep-16 13:47:04,1,7,Command line profiler metrics,sm__cycles_elapsed.avg,cycle,"5,673.31"
102,129989,pinn,127.0.0.1,"void at::native::elementwise_kernel<(int)128, (int)2, void at::native::gpu_kernel_impl<at::native::<unnamed>::direct_copy_kernel_cuda(at::TensorIteratorBase &)::[lambda() (instance 2)]::operator ()() const::[lambda() (instance 8)]::operator ()() const::[lambda(float) (instance 1)]>(at::TensorIteratorBase &, const T1 &)::[lambda(int) (instance 1)]>(int, T3)",2022-Sep-16 13:47:04,1,7,Command line profiler metrics,sm__cycles_elapsed.avg.per_second,cycle/second,"1,395,992,818.61"
103,129989,pinn,127.0.0.1,ampere_sgemm_32x32_sliced1x4_nt,2022-Sep-16 13:47:04,1,7,Command line profiler metrics,sm__cycles_elapsed.avg,cycle,"168,497.41"
103,129989,pinn,127.0.0.1,ampere_sgemm_32x32_sliced1x4_nt,2022-Sep-16 13:47:04,1,7,Command line profiler metrics,sm__cycles_elapsed.avg.per_second,cycle/second,"1,408,276,004.68"
104,129989,pinn,127.0.0.1,ampere_sgemm_32x128_tn,2022-Sep-16 13:47:04,1,7,Command line profiler metrics,sm__cycles_elapsed.avg,cycle,"7,782.94"
104,129989,pinn,127.0.0.1,ampere_sgemm_32x128_tn,2022-Sep-16 13:47:04,1,7,Command line profiler metrics,sm__cycles_elapsed.avg.per_second,cycle/second,"1,397,798,930.40"
105,129989,pinn,127.0.0.1,"void at::native::vectorized_elementwise_kernel<(int)4, at::native::tanh_backward_kernel_cuda(at::TensorIteratorBase &)::[lambda() (instance 2)]::operator ()() const::[lambda() (instance 4)]::operator ()() const::[lambda(float, float) (instance 1)], at::detail::Array<char *, (int)3>>(int, T2, T3)",2022-Sep-16 13:47:04,1,7,Command line profiler metrics,sm__cycles_elapsed.avg,cycle,"4,633.26"
105,129989,pinn,127.0.0.1,"void at::native::vectorized_elementwise_kernel<(int)4, at::native::tanh_backward_kernel_cuda(at::TensorIteratorBase &)::[lambda() (instance 2)]::operator ()() const::[lambda() (instance 4)]::operator ()() const::[lambda(float, float) (instance 1)], at::detail::Array<char *, (int)3>>(int, T2, T3)",2022-Sep-16 13:47:04,1,7,Command line profiler metrics,sm__cycles_elapsed.avg.per_second,cycle/second,"1,392,205,306.27"
106,129989,pinn,127.0.0.1,"void at::native::vectorized_elementwise_kernel<(int)4, at::native::BUnaryFunctor<float, float, float, at::native::MulFunctor<float>>, at::detail::Array<char *, (int)2>>(int, T2, T3)",2022-Sep-16 13:47:05,1,7,Command line profiler metrics,sm__cycles_elapsed.avg,cycle,"4,354.26"
106,129989,pinn,127.0.0.1,"void at::native::vectorized_elementwise_kernel<(int)4, at::native::BUnaryFunctor<float, float, float, at::native::MulFunctor<float>>, at::detail::Array<char *, (int)2>>(int, T2, T3)",2022-Sep-16 13:47:05,1,7,Command line profiler metrics,sm__cycles_elapsed.avg.per_second,cycle/second,"1,388,475,529.10"
107,129989,pinn,127.0.0.1,"void at::native::vectorized_elementwise_kernel<(int)4, at::native::BinaryFunctor<float, float, float, at::native::MulFunctor<float>>, at::detail::Array<char *, (int)3>>(int, T2, T3)",2022-Sep-16 13:47:05,1,7,Command line profiler metrics,sm__cycles_elapsed.avg,cycle,"5,358.13"
107,129989,pinn,127.0.0.1,"void at::native::vectorized_elementwise_kernel<(int)4, at::native::BinaryFunctor<float, float, float, at::native::MulFunctor<float>>, at::detail::Array<char *, (int)3>>(int, T2, T3)",2022-Sep-16 13:47:05,1,7,Command line profiler metrics,sm__cycles_elapsed.avg.per_second,cycle/second,"1,395,346,257.72"
108,129989,pinn,127.0.0.1,"void at::native::vectorized_elementwise_kernel<(int)4, at::native::BinaryFunctor<float, float, float, at::native::MulFunctor<float>>, at::detail::Array<char *, (int)3>>(int, T2, T3)",2022-Sep-16 13:47:05,1,7,Command line profiler metrics,sm__cycles_elapsed.avg,cycle,"4,525.70"
108,129989,pinn,127.0.0.1,"void at::native::vectorized_elementwise_kernel<(int)4, at::native::BinaryFunctor<float, float, float, at::native::MulFunctor<float>>, at::detail::Array<char *, (int)3>>(int, T2, T3)",2022-Sep-16 13:47:05,1,7,Command line profiler metrics,sm__cycles_elapsed.avg.per_second,cycle/second,"1,386,551,379.81"
109,129989,pinn,127.0.0.1,ampere_sgemm_32x32_sliced1x4_nt,2022-Sep-16 13:47:05,1,7,Command line profiler metrics,sm__cycles_elapsed.avg,cycle,"174,315.28"
109,129989,pinn,127.0.0.1,ampere_sgemm_32x32_sliced1x4_nt,2022-Sep-16 13:47:05,1,7,Command line profiler metrics,sm__cycles_elapsed.avg.per_second,cycle/second,"1,409,405,544.78"
110,129989,pinn,127.0.0.1,ampere_sgemm_32x128_tn,2022-Sep-16 13:47:05,1,7,Command line profiler metrics,sm__cycles_elapsed.avg,cycle,"8,913.48"
110,129989,pinn,127.0.0.1,ampere_sgemm_32x128_tn,2022-Sep-16 13:47:05,1,7,Command line profiler metrics,sm__cycles_elapsed.avg.per_second,cycle/second,"1,399,730,132.14"
111,129989,pinn,127.0.0.1,"void at::native::vectorized_elementwise_kernel<(int)4, at::native::tanh_backward_kernel_cuda(at::TensorIteratorBase &)::[lambda() (instance 2)]::operator ()() const::[lambda() (instance 4)]::operator ()() const::[lambda(float, float) (instance 1)], at::detail::Array<char *, (int)3>>(int, T2, T3)",2022-Sep-16 13:47:05,1,7,Command line profiler metrics,sm__cycles_elapsed.avg,cycle,"4,667.94"
111,129989,pinn,127.0.0.1,"void at::native::vectorized_elementwise_kernel<(int)4, at::native::tanh_backward_kernel_cuda(at::TensorIteratorBase &)::[lambda() (instance 2)]::operator ()() const::[lambda() (instance 4)]::operator ()() const::[lambda(float, float) (instance 1)], at::detail::Array<char *, (int)3>>(int, T2, T3)",2022-Sep-16 13:47:05,1,7,Command line profiler metrics,sm__cycles_elapsed.avg.per_second,cycle/second,"1,389,269,179.89"
112,129989,pinn,127.0.0.1,"void at::native::vectorized_elementwise_kernel<(int)4, at::native::BUnaryFunctor<float, float, float, at::native::MulFunctor<float>>, at::detail::Array<char *, (int)2>>(int, T2, T3)",2022-Sep-16 13:47:05,1,7,Command line profiler metrics,sm__cycles_elapsed.avg,cycle,"4,273.33"
112,129989,pinn,127.0.0.1,"void at::native::vectorized_elementwise_kernel<(int)4, at::native::BUnaryFunctor<float, float, float, at::native::MulFunctor<float>>, at::detail::Array<char *, (int)2>>(int, T2, T3)",2022-Sep-16 13:47:05,1,7,Command line profiler metrics,sm__cycles_elapsed.avg.per_second,cycle/second,"1,376,718,213.06"
113,129989,pinn,127.0.0.1,"void at::native::vectorized_elementwise_kernel<(int)4, at::native::BinaryFunctor<float, float, float, at::native::MulFunctor<float>>, at::detail::Array<char *, (int)3>>(int, T2, T3)",2022-Sep-16 13:47:05,1,7,Command line profiler metrics,sm__cycles_elapsed.avg,cycle,"4,565.41"
113,129989,pinn,127.0.0.1,"void at::native::vectorized_elementwise_kernel<(int)4, at::native::BinaryFunctor<float, float, float, at::native::MulFunctor<float>>, at::detail::Array<char *, (int)3>>(int, T2, T3)",2022-Sep-16 13:47:05,1,7,Command line profiler metrics,sm__cycles_elapsed.avg.per_second,cycle/second,"1,056,807,270.23"
114,129989,pinn,127.0.0.1,"void at::native::vectorized_elementwise_kernel<(int)4, at::native::BinaryFunctor<float, float, float, at::native::MulFunctor<float>>, at::detail::Array<char *, (int)3>>(int, T2, T3)",2022-Sep-16 13:47:05,1,7,Command line profiler metrics,sm__cycles_elapsed.avg,cycle,"4,606.67"
114,129989,pinn,127.0.0.1,"void at::native::vectorized_elementwise_kernel<(int)4, at::native::BinaryFunctor<float, float, float, at::native::MulFunctor<float>>, at::detail::Array<char *, (int)3>>(int, T2, T3)",2022-Sep-16 13:47:05,1,7,Command line profiler metrics,sm__cycles_elapsed.avg.per_second,cycle/second,"1,384,214,743.59"
115,129989,pinn,127.0.0.1,ampere_sgemm_32x32_sliced1x4_nt,2022-Sep-16 13:47:05,1,7,Command line profiler metrics,sm__cycles_elapsed.avg,cycle,"174,775.87"
115,129989,pinn,127.0.0.1,ampere_sgemm_32x32_sliced1x4_nt,2022-Sep-16 13:47:05,1,7,Command line profiler metrics,sm__cycles_elapsed.avg.per_second,cycle/second,"1,409,482,825.57"
116,129989,pinn,127.0.0.1,ampere_sgemm_32x128_tn,2022-Sep-16 13:47:05,1,7,Command line profiler metrics,sm__cycles_elapsed.avg,cycle,"8,801.91"
116,129989,pinn,127.0.0.1,ampere_sgemm_32x128_tn,2022-Sep-16 13:47:05,1,7,Command line profiler metrics,sm__cycles_elapsed.avg.per_second,cycle/second,"1,389,189,931.72"
117,129989,pinn,127.0.0.1,"void at::native::vectorized_elementwise_kernel<(int)4, at::native::tanh_backward_kernel_cuda(at::TensorIteratorBase &)::[lambda() (instance 2)]::operator ()() const::[lambda() (instance 4)]::operator ()() const::[lambda(float, float) (instance 1)], at::detail::Array<char *, (int)3>>(int, T2, T3)",2022-Sep-16 13:47:05,1,7,Command line profiler metrics,sm__cycles_elapsed.avg,cycle,"4,769.48"
117,129989,pinn,127.0.0.1,"void at::native::vectorized_elementwise_kernel<(int)4, at::native::tanh_backward_kernel_cuda(at::TensorIteratorBase &)::[lambda() (instance 2)]::operator ()() const::[lambda() (instance 4)]::operator ()() const::[lambda(float, float) (instance 1)], at::detail::Array<char *, (int)3>>(int, T2, T3)",2022-Sep-16 13:47:05,1,7,Command line profiler metrics,sm__cycles_elapsed.avg.per_second,cycle/second,"1,380,058,299.04"
118,129989,pinn,127.0.0.1,"void at::native::vectorized_elementwise_kernel<(int)4, at::native::BUnaryFunctor<float, float, float, at::native::MulFunctor<float>>, at::detail::Array<char *, (int)2>>(int, T2, T3)",2022-Sep-16 13:47:05,1,7,Command line profiler metrics,sm__cycles_elapsed.avg,cycle,"4,453.91"
118,129989,pinn,127.0.0.1,"void at::native::vectorized_elementwise_kernel<(int)4, at::native::BUnaryFunctor<float, float, float, at::native::MulFunctor<float>>, at::detail::Array<char *, (int)2>>(int, T2, T3)",2022-Sep-16 13:47:05,1,7,Command line profiler metrics,sm__cycles_elapsed.avg.per_second,cycle/second,"1,391,846,064.81"
119,129989,pinn,127.0.0.1,"void at::native::vectorized_elementwise_kernel<(int)4, at::native::BinaryFunctor<float, float, float, at::native::MulFunctor<float>>, at::detail::Array<char *, (int)3>>(int, T2, T3)",2022-Sep-16 13:47:05,1,7,Command line profiler metrics,sm__cycles_elapsed.avg,cycle,"4,447.76"
119,129989,pinn,127.0.0.1,"void at::native::vectorized_elementwise_kernel<(int)4, at::native::BinaryFunctor<float, float, float, at::native::MulFunctor<float>>, at::detail::Array<char *, (int)3>>(int, T2, T3)",2022-Sep-16 13:47:05,1,7,Command line profiler metrics,sm__cycles_elapsed.avg.per_second,cycle/second,"1,389,924,768.52"
120,129989,pinn,127.0.0.1,"void at::native::vectorized_elementwise_kernel<(int)4, at::native::BinaryFunctor<float, float, float, at::native::MulFunctor<float>>, at::detail::Array<char *, (int)3>>(int, T2, T3)",2022-Sep-16 13:47:05,1,7,Command line profiler metrics,sm__cycles_elapsed.avg,cycle,"4,674.98"
120,129989,pinn,127.0.0.1,"void at::native::vectorized_elementwise_kernel<(int)4, at::native::BinaryFunctor<float, float, float, at::native::MulFunctor<float>>, at::detail::Array<char *, (int)3>>(int, T2, T3)",2022-Sep-16 13:47:05,1,7,Command line profiler metrics,sm__cycles_elapsed.avg.per_second,cycle/second,"1,391,363,536.16"
121,129989,pinn,127.0.0.1,ampere_sgemm_32x32_sliced1x4_nt,2022-Sep-16 13:47:05,1,7,Command line profiler metrics,sm__cycles_elapsed.avg,cycle,"174,867.85"
121,129989,pinn,127.0.0.1,ampere_sgemm_32x32_sliced1x4_nt,2022-Sep-16 13:47:05,1,7,Command line profiler metrics,sm__cycles_elapsed.avg.per_second,cycle/second,"1,409,497,129.32"
122,129989,pinn,127.0.0.1,ampere_sgemm_32x128_tn,2022-Sep-16 13:47:05,1,7,Command line profiler metrics,sm__cycles_elapsed.avg,cycle,"9,480.76"
122,129989,pinn,127.0.0.1,ampere_sgemm_32x128_tn,2022-Sep-16 13:47:05,1,7,Command line profiler metrics,sm__cycles_elapsed.avg.per_second,cycle/second,"1,397,517,579.49"
123,129989,pinn,127.0.0.1,"void at::native::vectorized_elementwise_kernel<(int)4, at::native::tanh_backward_kernel_cuda(at::TensorIteratorBase &)::[lambda() (instance 2)]::operator ()() const::[lambda() (instance 4)]::operator ()() const::[lambda(float, float) (instance 1)], at::detail::Array<char *, (int)3>>(int, T2, T3)",2022-Sep-16 13:47:05,1,7,Command line profiler metrics,sm__cycles_elapsed.avg,cycle,"4,722.65"
123,129989,pinn,127.0.0.1,"void at::native::vectorized_elementwise_kernel<(int)4, at::native::tanh_backward_kernel_cuda(at::TensorIteratorBase &)::[lambda() (instance 2)]::operator ()() const::[lambda() (instance 4)]::operator ()() const::[lambda(float, float) (instance 1)], at::detail::Array<char *, (int)3>>(int, T2, T3)",2022-Sep-16 13:47:05,1,7,Command line profiler metrics,sm__cycles_elapsed.avg.per_second,cycle/second,"1,392,290,138.02"
124,129989,pinn,127.0.0.1,"void at::native::vectorized_elementwise_kernel<(int)4, at::native::BUnaryFunctor<float, float, float, at::native::MulFunctor<float>>, at::detail::Array<char *, (int)2>>(int, T2, T3)",2022-Sep-16 13:47:05,1,7,Command line profiler metrics,sm__cycles_elapsed.avg,cycle,"4,296.89"
124,129989,pinn,127.0.0.1,"void at::native::vectorized_elementwise_kernel<(int)4, at::native::BUnaryFunctor<float, float, float, at::native::MulFunctor<float>>, at::detail::Array<char *, (int)2>>(int, T2, T3)",2022-Sep-16 13:47:05,1,7,Command line profiler metrics,sm__cycles_elapsed.avg.per_second,cycle/second,"1,384,306,987.40"
125,129989,pinn,127.0.0.1,"void at::native::vectorized_elementwise_kernel<(int)4, at::native::BinaryFunctor<float, float, float, at::native::MulFunctor<float>>, at::detail::Array<char *, (int)3>>(int, T2, T3)",2022-Sep-16 13:47:05,1,7,Command line profiler metrics,sm__cycles_elapsed.avg,cycle,"4,583.20"
125,129989,pinn,127.0.0.1,"void at::native::vectorized_elementwise_kernel<(int)4, at::native::BinaryFunctor<float, float, float, at::native::MulFunctor<float>>, at::detail::Array<char *, (int)3>>(int, T2, T3)",2022-Sep-16 13:47:05,1,7,Command line profiler metrics,sm__cycles_elapsed.avg.per_second,cycle/second,"1,390,535,104.28"
126,129989,pinn,127.0.0.1,"void at::native::vectorized_elementwise_kernel<(int)4, at::native::BinaryFunctor<float, float, float, at::native::MulFunctor<float>>, at::detail::Array<char *, (int)3>>(int, T2, T3)",2022-Sep-16 13:47:05,1,7,Command line profiler metrics,sm__cycles_elapsed.avg,cycle,"4,642.74"
126,129989,pinn,127.0.0.1,"void at::native::vectorized_elementwise_kernel<(int)4, at::native::BinaryFunctor<float, float, float, at::native::MulFunctor<float>>, at::detail::Array<char *, (int)3>>(int, T2, T3)",2022-Sep-16 13:47:05,1,7,Command line profiler metrics,sm__cycles_elapsed.avg.per_second,cycle/second,"1,381,768,077.60"
127,129989,pinn,127.0.0.1,ampere_sgemm_32x32_sliced1x4_nt,2022-Sep-16 13:47:05,1,7,Command line profiler metrics,sm__cycles_elapsed.avg,cycle,"172,475.56"
127,129989,pinn,127.0.0.1,ampere_sgemm_32x32_sliced1x4_nt,2022-Sep-16 13:47:05,1,7,Command line profiler metrics,sm__cycles_elapsed.avg.per_second,cycle/second,"1,409,482,508.14"
128,129989,pinn,127.0.0.1,ampere_sgemm_32x128_tn,2022-Sep-16 13:47:05,1,7,Command line profiler metrics,sm__cycles_elapsed.avg,cycle,"8,889.80"
128,129989,pinn,127.0.0.1,ampere_sgemm_32x128_tn,2022-Sep-16 13:47:05,1,7,Command line profiler metrics,sm__cycles_elapsed.avg.per_second,cycle/second,"1,396,010,724.92"
129,129989,pinn,127.0.0.1,"void at::native::vectorized_elementwise_kernel<(int)4, at::native::tanh_backward_kernel_cuda(at::TensorIteratorBase &)::[lambda() (instance 2)]::operator ()() const::[lambda() (instance 4)]::operator ()() const::[lambda(float, float) (instance 1)], at::detail::Array<char *, (int)3>>(int, T2, T3)",2022-Sep-16 13:47:05,1,7,Command line profiler metrics,sm__cycles_elapsed.avg,cycle,"5,498.11"
129,129989,pinn,127.0.0.1,"void at::native::vectorized_elementwise_kernel<(int)4, at::native::tanh_backward_kernel_cuda(at::TensorIteratorBase &)::[lambda() (instance 2)]::operator ()() const::[lambda() (instance 4)]::operator ()() const::[lambda(float, float) (instance 1)], at::detail::Array<char *, (int)3>>(int, T2, T3)",2022-Sep-16 13:47:05,1,7,Command line profiler metrics,sm__cycles_elapsed.avg.per_second,cycle/second,"1,396,877,822.94"
130,129989,pinn,127.0.0.1,"void at::native::vectorized_elementwise_kernel<(int)4, at::native::BUnaryFunctor<float, float, float, at::native::MulFunctor<float>>, at::detail::Array<char *, (int)2>>(int, T2, T3)",2022-Sep-16 13:47:05,1,7,Command line profiler metrics,sm__cycles_elapsed.avg,cycle,"4,155.67"
130,129989,pinn,127.0.0.1,"void at::native::vectorized_elementwise_kernel<(int)4, at::native::BUnaryFunctor<float, float, float, at::native::MulFunctor<float>>, at::detail::Array<char *, (int)2>>(int, T2, T3)",2022-Sep-16 13:47:05,1,7,Command line profiler metrics,sm__cycles_elapsed.avg.per_second,cycle/second,"1,396,393,369.18"
131,129989,pinn,127.0.0.1,"void at::native::vectorized_elementwise_kernel<(int)4, at::native::BinaryFunctor<float, float, float, at::native::MulFunctor<float>>, at::detail::Array<char *, (int)3>>(int, T2, T3)",2022-Sep-16 13:47:05,1,7,Command line profiler metrics,sm__cycles_elapsed.avg,cycle,"5,093.50"
131,129989,pinn,127.0.0.1,"void at::native::vectorized_elementwise_kernel<(int)4, at::native::BinaryFunctor<float, float, float, at::native::MulFunctor<float>>, at::detail::Array<char *, (int)3>>(int, T2, T3)",2022-Sep-16 13:47:05,1,7,Command line profiler metrics,sm__cycles_elapsed.avg.per_second,cycle/second,"1,384,103,260.87"
132,129989,pinn,127.0.0.1,"void at::native::vectorized_elementwise_kernel<(int)4, at::native::BinaryFunctor<float, float, float, at::native::MulFunctor<float>>, at::detail::Array<char *, (int)3>>(int, T2, T3)",2022-Sep-16 13:47:05,1,7,Command line profiler metrics,sm__cycles_elapsed.avg,cycle,"4,608.22"
132,129989,pinn,127.0.0.1,"void at::native::vectorized_elementwise_kernel<(int)4, at::native::BinaryFunctor<float, float, float, at::native::MulFunctor<float>>, at::detail::Array<char *, (int)3>>(int, T2, T3)",2022-Sep-16 13:47:05,1,7,Command line profiler metrics,sm__cycles_elapsed.avg.per_second,cycle/second,"1,384,682,158.12"
133,129989,pinn,127.0.0.1,"void at::native::vectorized_elementwise_kernel<(int)4, at::native::tanh_backward_kernel_cuda(at::TensorIteratorBase &)::[lambda() (instance 2)]::operator ()() const::[lambda() (instance 4)]::operator ()() const::[lambda(float, float) (instance 1)], at::detail::Array<char *, (int)3>>(int, T2, T3)",2022-Sep-16 13:47:05,1,7,Command line profiler metrics,sm__cycles_elapsed.avg,cycle,"4,710.07"
133,129989,pinn,127.0.0.1,"void at::native::vectorized_elementwise_kernel<(int)4, at::native::tanh_backward_kernel_cuda(at::TensorIteratorBase &)::[lambda() (instance 2)]::operator ()() const::[lambda() (instance 4)]::operator ()() const::[lambda(float, float) (instance 1)], at::detail::Array<char *, (int)3>>(int, T2, T3)",2022-Sep-16 13:47:05,1,7,Command line profiler metrics,sm__cycles_elapsed.avg.per_second,cycle/second,"1,388,583,158.63"
134,129989,pinn,127.0.0.1,ampere_sgemm_32x128_nn,2022-Sep-16 13:47:05,1,7,Command line profiler metrics,sm__cycles_elapsed.avg,cycle,"9,034.22"
134,129989,pinn,127.0.0.1,ampere_sgemm_32x128_nn,2022-Sep-16 13:47:05,1,7,Command line profiler metrics,sm__cycles_elapsed.avg.per_second,cycle/second,"1,397,621,012.10"
135,129989,pinn,127.0.0.1,ampere_sgemm_32x32_sliced1x4_nt,2022-Sep-16 13:47:05,1,7,Command line profiler metrics,sm__cycles_elapsed.avg,cycle,"176,384.11"
135,129989,pinn,127.0.0.1,ampere_sgemm_32x32_sliced1x4_nt,2022-Sep-16 13:47:05,1,7,Command line profiler metrics,sm__cycles_elapsed.avg.per_second,cycle/second,"1,409,719,558.11"
136,129989,pinn,127.0.0.1,"void at::native::reduce_kernel<(int)128, (int)4, at::native::ReduceOp<float, at::native::func_wrapper_t<float, at::native::sum_functor<float, float, float>::operator ()(at::TensorIterator &)::[lambda(float, float) (instance 1)]>, unsigned int, float, (int)4>>(T3)",2022-Sep-16 13:47:05,1,7,Command line profiler metrics,sm__cycles_elapsed.avg,cycle,"33,134.48"
136,129989,pinn,127.0.0.1,"void at::native::reduce_kernel<(int)128, (int)4, at::native::ReduceOp<float, at::native::func_wrapper_t<float, at::native::sum_functor<float, float, float>::operator ()(at::TensorIterator &)::[lambda(float, float) (instance 1)]>, unsigned int, float, (int)4>>(T3)",2022-Sep-16 13:47:05,1,7,Command line profiler metrics,sm__cycles_elapsed.avg.per_second,cycle/second,"1,408,778,974.55"
137,129989,pinn,127.0.0.1,"void at::native::vectorized_elementwise_kernel<(int)4, at::native::CUDAFunctor_add<float>, at::detail::Array<char *, (int)3>>(int, T2, T3)",2022-Sep-16 13:47:05,1,7,Command line profiler metrics,sm__cycles_elapsed.avg,cycle,"4,504.11"
137,129989,pinn,127.0.0.1,"void at::native::vectorized_elementwise_kernel<(int)4, at::native::CUDAFunctor_add<float>, at::detail::Array<char *, (int)3>>(int, T2, T3)",2022-Sep-16 13:47:05,1,7,Command line profiler metrics,sm__cycles_elapsed.avg.per_second,cycle/second,"1,379,936,002.18"
138,129989,pinn,127.0.0.1,"void at::native::vectorized_elementwise_kernel<(int)4, at::native::tanh_backward_kernel_cuda(at::TensorIteratorBase &)::[lambda() (instance 2)]::operator ()() const::[lambda() (instance 4)]::operator ()() const::[lambda(float, float) (instance 1)], at::detail::Array<char *, (int)3>>(int, T2, T3)",2022-Sep-16 13:47:05,1,7,Command line profiler metrics,sm__cycles_elapsed.avg,cycle,"4,655.96"
138,129989,pinn,127.0.0.1,"void at::native::vectorized_elementwise_kernel<(int)4, at::native::tanh_backward_kernel_cuda(at::TensorIteratorBase &)::[lambda() (instance 2)]::operator ()() const::[lambda() (instance 4)]::operator ()() const::[lambda(float, float) (instance 1)], at::detail::Array<char *, (int)3>>(int, T2, T3)",2022-Sep-16 13:47:05,1,7,Command line profiler metrics,sm__cycles_elapsed.avg.per_second,cycle/second,"1,385,703,262.79"
139,129989,pinn,127.0.0.1,ampere_sgemm_32x128_nn,2022-Sep-16 13:47:05,1,7,Command line profiler metrics,sm__cycles_elapsed.avg,cycle,"8,987.54"
139,129989,pinn,127.0.0.1,ampere_sgemm_32x128_nn,2022-Sep-16 13:47:05,1,7,Command line profiler metrics,sm__cycles_elapsed.avg.per_second,cycle/second,"1,397,316,081.63"
140,129989,pinn,127.0.0.1,ampere_sgemm_32x32_sliced1x4_nt,2022-Sep-16 13:47:05,1,7,Command line profiler metrics,sm__cycles_elapsed.avg,cycle,"176,335.31"
140,129989,pinn,127.0.0.1,ampere_sgemm_32x32_sliced1x4_nt,2022-Sep-16 13:47:05,1,7,Command line profiler metrics,sm__cycles_elapsed.avg.per_second,cycle/second,"1,409,329,562.14"
141,129989,pinn,127.0.0.1,"void at::native::reduce_kernel<(int)128, (int)4, at::native::ReduceOp<float, at::native::func_wrapper_t<float, at::native::sum_functor<float, float, float>::operator ()(at::TensorIterator &)::[lambda(float, float) (instance 1)]>, unsigned int, float, (int)4>>(T3)",2022-Sep-16 13:47:05,1,7,Command line profiler metrics,sm__cycles_elapsed.avg,cycle,"32,398.30"
141,129989,pinn,127.0.0.1,"void at::native::reduce_kernel<(int)128, (int)4, at::native::ReduceOp<float, at::native::func_wrapper_t<float, at::native::sum_functor<float, float, float>::operator ()(at::TensorIterator &)::[lambda(float, float) (instance 1)]>, unsigned int, float, (int)4>>(T3)",2022-Sep-16 13:47:05,1,7,Command line profiler metrics,sm__cycles_elapsed.avg.per_second,cycle/second,"1,406,176,054.53"
142,129989,pinn,127.0.0.1,"void at::native::vectorized_elementwise_kernel<(int)4, at::native::CUDAFunctor_add<float>, at::detail::Array<char *, (int)3>>(int, T2, T3)",2022-Sep-16 13:47:05,1,7,Command line profiler metrics,sm__cycles_elapsed.avg,cycle,"4,854.70"
142,129989,pinn,127.0.0.1,"void at::native::vectorized_elementwise_kernel<(int)4, at::native::CUDAFunctor_add<float>, at::detail::Array<char *, (int)3>>(int, T2, T3)",2022-Sep-16 13:47:05,1,7,Command line profiler metrics,sm__cycles_elapsed.avg.per_second,cycle/second,"1,391,830,190.28"
143,129989,pinn,127.0.0.1,"void at::native::vectorized_elementwise_kernel<(int)4, at::native::tanh_backward_kernel_cuda(at::TensorIteratorBase &)::[lambda() (instance 2)]::operator ()() const::[lambda() (instance 4)]::operator ()() const::[lambda(float, float) (instance 1)], at::detail::Array<char *, (int)3>>(int, T2, T3)",2022-Sep-16 13:47:05,1,7,Command line profiler metrics,sm__cycles_elapsed.avg,cycle,"4,459.35"
143,129989,pinn,127.0.0.1,"void at::native::vectorized_elementwise_kernel<(int)4, at::native::tanh_backward_kernel_cuda(at::TensorIteratorBase &)::[lambda() (instance 2)]::operator ()() const::[lambda() (instance 4)]::operator ()() const::[lambda(float, float) (instance 1)], at::detail::Array<char *, (int)3>>(int, T2, T3)",2022-Sep-16 13:47:05,1,7,Command line profiler metrics,sm__cycles_elapsed.avg.per_second,cycle/second,"1,393,547,453.70"
144,129989,pinn,127.0.0.1,ampere_sgemm_32x128_nn,2022-Sep-16 13:47:05,1,7,Command line profiler metrics,sm__cycles_elapsed.avg,cycle,"9,119.35"
144,129989,pinn,127.0.0.1,ampere_sgemm_32x128_nn,2022-Sep-16 13:47:05,1,7,Command line profiler metrics,sm__cycles_elapsed.avg.per_second,cycle/second,"1,396,959,536.13"
145,129989,pinn,127.0.0.1,ampere_sgemm_32x32_sliced1x4_nt,2022-Sep-16 13:47:05,1,7,Command line profiler metrics,sm__cycles_elapsed.avg,cycle,"176,533.89"
145,129989,pinn,127.0.0.1,ampere_sgemm_32x32_sliced1x4_nt,2022-Sep-16 13:47:05,1,7,Command line profiler metrics,sm__cycles_elapsed.avg.per_second,cycle/second,"1,407,676,455.16"
146,129989,pinn,127.0.0.1,"void at::native::reduce_kernel<(int)128, (int)4, at::native::ReduceOp<float, at::native::func_wrapper_t<float, at::native::sum_functor<float, float, float>::operator ()(at::TensorIterator &)::[lambda(float, float) (instance 1)]>, unsigned int, float, (int)4>>(T3)",2022-Sep-16 13:47:05,1,7,Command line profiler metrics,sm__cycles_elapsed.avg,cycle,"32,461.87"
146,129989,pinn,127.0.0.1,"void at::native::reduce_kernel<(int)128, (int)4, at::native::ReduceOp<float, at::native::func_wrapper_t<float, at::native::sum_functor<float, float, float>::operator ()(at::TensorIterator &)::[lambda(float, float) (instance 1)]>, unsigned int, float, (int)4>>(T3)",2022-Sep-16 13:47:05,1,7,Command line profiler metrics,sm__cycles_elapsed.avg.per_second,cycle/second,"1,405,032,477.94"
147,129989,pinn,127.0.0.1,"void at::native::vectorized_elementwise_kernel<(int)4, at::native::CUDAFunctor_add<float>, at::detail::Array<char *, (int)3>>(int, T2, T3)",2022-Sep-16 13:47:05,1,7,Command line profiler metrics,sm__cycles_elapsed.avg,cycle,"4,748.13"
147,129989,pinn,127.0.0.1,"void at::native::vectorized_elementwise_kernel<(int)4, at::native::CUDAFunctor_add<float>, at::detail::Array<char *, (int)3>>(int, T2, T3)",2022-Sep-16 13:47:05,1,7,Command line profiler metrics,sm__cycles_elapsed.avg.per_second,cycle/second,"1,386,720,102.11"
148,129989,pinn,127.0.0.1,"void at::native::vectorized_elementwise_kernel<(int)4, at::native::tanh_backward_kernel_cuda(at::TensorIteratorBase &)::[lambda() (instance 2)]::operator ()() const::[lambda() (instance 4)]::operator ()() const::[lambda(float, float) (instance 1)], at::detail::Array<char *, (int)3>>(int, T2, T3)",2022-Sep-16 13:47:05,1,7,Command line profiler metrics,sm__cycles_elapsed.avg,cycle,"4,655.31"
148,129989,pinn,127.0.0.1,"void at::native::vectorized_elementwise_kernel<(int)4, at::native::tanh_backward_kernel_cuda(at::TensorIteratorBase &)::[lambda() (instance 2)]::operator ()() const::[lambda() (instance 4)]::operator ()() const::[lambda(float, float) (instance 1)], at::detail::Array<char *, (int)3>>(int, T2, T3)",2022-Sep-16 13:47:05,1,7,Command line profiler metrics,sm__cycles_elapsed.avg.per_second,cycle/second,"1,385,510,361.55"
149,129989,pinn,127.0.0.1,ampere_sgemm_32x128_nn,2022-Sep-16 13:47:05,1,7,Command line profiler metrics,sm__cycles_elapsed.avg,cycle,"8,918.15"
149,129989,pinn,127.0.0.1,ampere_sgemm_32x128_nn,2022-Sep-16 13:47:05,1,7,Command line profiler metrics,sm__cycles_elapsed.avg.per_second,cycle/second,"1,393,460,648.15"
150,129989,pinn,127.0.0.1,ampere_sgemm_32x32_sliced1x4_nt,2022-Sep-16 13:47:05,1,7,Command line profiler metrics,sm__cycles_elapsed.avg,cycle,"175,205.30"
150,129989,pinn,127.0.0.1,ampere_sgemm_32x32_sliced1x4_nt,2022-Sep-16 13:47:05,1,7,Command line profiler metrics,sm__cycles_elapsed.avg.per_second,cycle/second,"1,407,859,477.82"
151,129989,pinn,127.0.0.1,"void at::native::reduce_kernel<(int)128, (int)4, at::native::ReduceOp<float, at::native::func_wrapper_t<float, at::native::sum_functor<float, float, float>::operator ()(at::TensorIterator &)::[lambda(float, float) (instance 1)]>, unsigned int, float, (int)4>>(T3)",2022-Sep-16 13:47:05,1,7,Command line profiler metrics,sm__cycles_elapsed.avg,cycle,"32,212.98"
151,129989,pinn,127.0.0.1,"void at::native::reduce_kernel<(int)128, (int)4, at::native::ReduceOp<float, at::native::func_wrapper_t<float, at::native::sum_functor<float, float, float>::operator ()(at::TensorIterator &)::[lambda(float, float) (instance 1)]>, unsigned int, float, (int)4>>(T3)",2022-Sep-16 13:47:05,1,7,Command line profiler metrics,sm__cycles_elapsed.avg.per_second,cycle/second,"1,407,910,029.79"
152,129989,pinn,127.0.0.1,"void at::native::vectorized_elementwise_kernel<(int)4, at::native::CUDAFunctor_add<float>, at::detail::Array<char *, (int)3>>(int, T2, T3)",2022-Sep-16 13:47:05,1,7,Command line profiler metrics,sm__cycles_elapsed.avg,cycle,"4,784.76"
152,129989,pinn,127.0.0.1,"void at::native::vectorized_elementwise_kernel<(int)4, at::native::CUDAFunctor_add<float>, at::detail::Array<char *, (int)3>>(int, T2, T3)",2022-Sep-16 13:47:05,1,7,Command line profiler metrics,sm__cycles_elapsed.avg.per_second,cycle/second,"1,384,478,952.33"
153,129989,pinn,127.0.0.1,"void at::native::vectorized_elementwise_kernel<(int)4, at::native::tanh_backward_kernel_cuda(at::TensorIteratorBase &)::[lambda() (instance 2)]::operator ()() const::[lambda() (instance 4)]::operator ()() const::[lambda(float, float) (instance 1)], at::detail::Array<char *, (int)3>>(int, T2, T3)",2022-Sep-16 13:47:05,1,7,Command line profiler metrics,sm__cycles_elapsed.avg,cycle,"4,595.52"
153,129989,pinn,127.0.0.1,"void at::native::vectorized_elementwise_kernel<(int)4, at::native::tanh_backward_kernel_cuda(at::TensorIteratorBase &)::[lambda() (instance 2)]::operator ()() const::[lambda() (instance 4)]::operator ()() const::[lambda(float, float) (instance 1)], at::detail::Array<char *, (int)3>>(int, T2, T3)",2022-Sep-16 13:47:05,1,7,Command line profiler metrics,sm__cycles_elapsed.avg.per_second,cycle/second,"1,394,271,395.18"
154,129989,pinn,127.0.0.1,ampere_sgemm_32x128_nn,2022-Sep-16 13:47:05,1,7,Command line profiler metrics,sm__cycles_elapsed.avg,cycle,"8,850.28"
154,129989,pinn,127.0.0.1,ampere_sgemm_32x128_nn,2022-Sep-16 13:47:05,1,7,Command line profiler metrics,sm__cycles_elapsed.avg.per_second,cycle/second,"1,396,824,144.22"
155,129989,pinn,127.0.0.1,ampere_sgemm_32x32_sliced1x4_nt,2022-Sep-16 13:47:05,1,7,Command line profiler metrics,sm__cycles_elapsed.avg,cycle,"170,508.81"
155,129989,pinn,127.0.0.1,ampere_sgemm_32x32_sliced1x4_nt,2022-Sep-16 13:47:05,1,7,Command line profiler metrics,sm__cycles_elapsed.avg.per_second,cycle/second,"1,409,629,752.11"
156,129989,pinn,127.0.0.1,"void at::native::reduce_kernel<(int)128, (int)4, at::native::ReduceOp<float, at::native::func_wrapper_t<float, at::native::sum_functor<float, float, float>::operator ()(at::TensorIterator &)::[lambda(float, float) (instance 1)]>, unsigned int, float, (int)4>>(T3)",2022-Sep-16 13:47:05,1,7,Command line profiler metrics,sm__cycles_elapsed.avg,cycle,"33,180.98"
156,129989,pinn,127.0.0.1,"void at::native::reduce_kernel<(int)128, (int)4, at::native::ReduceOp<float, at::native::func_wrapper_t<float, at::native::sum_functor<float, float, float>::operator ()(at::TensorIterator &)::[lambda(float, float) (instance 1)]>, unsigned int, float, (int)4>>(T3)",2022-Sep-16 13:47:05,1,7,Command line profiler metrics,sm__cycles_elapsed.avg.per_second,cycle/second,"1,406,927,640.84"
157,129989,pinn,127.0.0.1,"void at::native::vectorized_elementwise_kernel<(int)4, at::native::BUnaryFunctor<float, float, float, at::native::MulFunctor<float>>, at::detail::Array<char *, (int)2>>(int, T2, T3)",2022-Sep-16 13:47:05,1,7,Command line profiler metrics,sm__cycles_elapsed.avg,cycle,"3,784"
157,129989,pinn,127.0.0.1,"void at::native::vectorized_elementwise_kernel<(int)4, at::native::BUnaryFunctor<float, float, float, at::native::MulFunctor<float>>, at::detail::Array<char *, (int)2>>(int, T2, T3)",2022-Sep-16 13:47:05,1,7,Command line profiler metrics,sm__cycles_elapsed.avg.per_second,cycle/second,"1,391,176,470.59"
158,129989,pinn,127.0.0.1,"void at::native::elementwise_kernel<(int)128, (int)2, void at::native::gpu_kernel_impl<at::native::CUDAFunctor_add<float>>(at::TensorIteratorBase &, const T1 &)::[lambda(int) (instance 1)]>(int, T3)",2022-Sep-16 13:47:05,1,7,Command line profiler metrics,sm__cycles_elapsed.avg,cycle,"5,892.37"
158,129989,pinn,127.0.0.1,"void at::native::elementwise_kernel<(int)128, (int)2, void at::native::gpu_kernel_impl<at::native::CUDAFunctor_add<float>>(at::TensorIteratorBase &, const T1 &)::[lambda(int) (instance 1)]>(int, T3)",2022-Sep-16 13:47:05,1,7,Command line profiler metrics,sm__cycles_elapsed.avg.per_second,cycle/second,"1,405,622,702.86"
159,129989,pinn,127.0.0.1,"void at::native::vectorized_elementwise_kernel<(int)4, at::native::mse_kernel_cuda(at::TensorIteratorBase &)::[lambda() (instance 1)]::operator ()() const::[lambda() (instance 4)]::operator ()() const::[lambda(float, float) (instance 1)], at::detail::Array<char *, (int)3>>(int, T2, T3)",2022-Sep-16 13:47:05,1,7,Command line profiler metrics,sm__cycles_elapsed.avg,cycle,"3,939.33"
159,129989,pinn,127.0.0.1,"void at::native::vectorized_elementwise_kernel<(int)4, at::native::mse_kernel_cuda(at::TensorIteratorBase &)::[lambda() (instance 1)]::operator ()() const::[lambda() (instance 4)]::operator ()() const::[lambda(float, float) (instance 1)], at::detail::Array<char *, (int)3>>(int, T2, T3)",2022-Sep-16 13:47:05,1,7,Command line profiler metrics,sm__cycles_elapsed.avg.per_second,cycle/second,"1,383,192,883.90"
160,129989,pinn,127.0.0.1,"void at::native::reduce_kernel<(int)512, (int)1, at::native::ReduceOp<float, at::native::MeanOps<float, float>, unsigned int, float, (int)4>>(T3)",2022-Sep-16 13:47:05,1,7,Command line profiler metrics,sm__cycles_elapsed.avg,cycle,"9,039.43"
160,129989,pinn,127.0.0.1,"void at::native::reduce_kernel<(int)512, (int)1, at::native::ReduceOp<float, at::native::MeanOps<float, float>, unsigned int, float, (int)4>>(T3)",2022-Sep-16 13:47:05,1,7,Command line profiler metrics,sm__cycles_elapsed.avg.per_second,cycle/second,"1,398,426,040.52"
161,129989,pinn,127.0.0.1,"void at::native::elementwise_kernel<(int)128, (int)2, void at::native::gpu_kernel_impl<at::native::<unnamed>::direct_copy_kernel_cuda(at::TensorIteratorBase &)::[lambda() (instance 2)]::operator ()() const::[lambda() (instance 8)]::operator ()() const::[lambda(float) (instance 1)]>(at::TensorIteratorBase &, const T1 &)::[lambda(int) (instance 1)]>(int, T3)",2022-Sep-16 13:47:05,1,7,Command line profiler metrics,sm__cycles_elapsed.avg,cycle,"4,709.67"
161,129989,pinn,127.0.0.1,"void at::native::elementwise_kernel<(int)128, (int)2, void at::native::gpu_kernel_impl<at::native::<unnamed>::direct_copy_kernel_cuda(at::TensorIteratorBase &)::[lambda() (instance 2)]::operator ()() const::[lambda() (instance 8)]::operator ()() const::[lambda(float) (instance 1)]>(at::TensorIteratorBase &, const T1 &)::[lambda(int) (instance 1)]>(int, T3)",2022-Sep-16 13:47:05,1,7,Command line profiler metrics,sm__cycles_elapsed.avg.per_second,cycle/second,"1,388,463,050.31"
162,129989,pinn,127.0.0.1,ampere_sgemm_32x128_tn,2022-Sep-16 13:47:05,1,7,Command line profiler metrics,sm__cycles_elapsed.avg,cycle,"8,909.81"
162,129989,pinn,127.0.0.1,ampere_sgemm_32x128_tn,2022-Sep-16 13:47:05,1,7,Command line profiler metrics,sm__cycles_elapsed.avg.per_second,cycle/second,"1,406,220,772.54"
163,129989,pinn,127.0.0.1,"void at::native::vectorized_elementwise_kernel<(int)4, at::native::tanh_kernel_cuda(at::TensorIteratorBase &)::[lambda() (instance 1)]::operator ()() const::[lambda() (instance 4)]::operator ()() const::[lambda(float) (instance 1)], at::detail::Array<char *, (int)2>>(int, T2, T3)",2022-Sep-16 13:47:05,1,7,Command line profiler metrics,sm__cycles_elapsed.avg,cycle,"5,306.15"
163,129989,pinn,127.0.0.1,"void at::native::vectorized_elementwise_kernel<(int)4, at::native::tanh_kernel_cuda(at::TensorIteratorBase &)::[lambda() (instance 1)]::operator ()() const::[lambda() (instance 4)]::operator ()() const::[lambda(float) (instance 1)], at::detail::Array<char *, (int)2>>(int, T2, T3)",2022-Sep-16 13:47:05,1,7,Command line profiler metrics,sm__cycles_elapsed.avg.per_second,cycle/second,"1,393,421,257.39"
164,129989,pinn,127.0.0.1,"void at::native::elementwise_kernel<(int)128, (int)2, void at::native::gpu_kernel_impl<at::native::<unnamed>::direct_copy_kernel_cuda(at::TensorIteratorBase &)::[lambda() (instance 2)]::operator ()() const::[lambda() (instance 8)]::operator ()() const::[lambda(float) (instance 1)]>(at::TensorIteratorBase &, const T1 &)::[lambda(int) (instance 1)]>(int, T3)",2022-Sep-16 13:47:05,1,7,Command line profiler metrics,sm__cycles_elapsed.avg,cycle,"4,574.87"
164,129989,pinn,127.0.0.1,"void at::native::elementwise_kernel<(int)128, (int)2, void at::native::gpu_kernel_impl<at::native::<unnamed>::direct_copy_kernel_cuda(at::TensorIteratorBase &)::[lambda() (instance 2)]::operator ()() const::[lambda() (instance 8)]::operator ()() const::[lambda(float) (instance 1)]>(at::TensorIteratorBase &, const T1 &)::[lambda(int) (instance 1)]>(int, T3)",2022-Sep-16 13:47:05,1,7,Command line profiler metrics,sm__cycles_elapsed.avg.per_second,cycle/second,"1,388,006,787.13"
165,129989,pinn,127.0.0.1,ampere_sgemm_32x128_tn,2022-Sep-16 13:47:05,1,7,Command line profiler metrics,sm__cycles_elapsed.avg,cycle,"10,392.85"
165,129989,pinn,127.0.0.1,ampere_sgemm_32x128_tn,2022-Sep-16 13:47:05,1,7,Command line profiler metrics,sm__cycles_elapsed.avg.per_second,cycle/second,"1,405,959,395.54"
166,129989,pinn,127.0.0.1,"void at::native::vectorized_elementwise_kernel<(int)4, at::native::tanh_kernel_cuda(at::TensorIteratorBase &)::[lambda() (instance 1)]::operator ()() const::[lambda() (instance 4)]::operator ()() const::[lambda(float) (instance 1)], at::detail::Array<char *, (int)2>>(int, T2, T3)",2022-Sep-16 13:47:05,1,7,Command line profiler metrics,sm__cycles_elapsed.avg,cycle,"4,220.57"
166,129989,pinn,127.0.0.1,"void at::native::vectorized_elementwise_kernel<(int)4, at::native::tanh_kernel_cuda(at::TensorIteratorBase &)::[lambda() (instance 1)]::operator ()() const::[lambda() (instance 4)]::operator ()() const::[lambda(float) (instance 1)], at::detail::Array<char *, (int)2>>(int, T2, T3)",2022-Sep-16 13:47:05,1,7,Command line profiler metrics,sm__cycles_elapsed.avg.per_second,cycle/second,"1,388,346,734.89"
167,129989,pinn,127.0.0.1,"void at::native::elementwise_kernel<(int)128, (int)2, void at::native::gpu_kernel_impl<at::native::<unnamed>::direct_copy_kernel_cuda(at::TensorIteratorBase &)::[lambda() (instance 2)]::operator ()() const::[lambda() (instance 8)]::operator ()() const::[lambda(float) (instance 1)]>(at::TensorIteratorBase &, const T1 &)::[lambda(int) (instance 1)]>(int, T3)",2022-Sep-16 13:47:05,1,7,Command line profiler metrics,sm__cycles_elapsed.avg,cycle,"4,570.15"
167,129989,pinn,127.0.0.1,"void at::native::elementwise_kernel<(int)128, (int)2, void at::native::gpu_kernel_impl<at::native::<unnamed>::direct_copy_kernel_cuda(at::TensorIteratorBase &)::[lambda() (instance 2)]::operator ()() const::[lambda() (instance 8)]::operator ()() const::[lambda(float) (instance 1)]>(at::TensorIteratorBase &, const T1 &)::[lambda(int) (instance 1)]>(int, T3)",2022-Sep-16 13:47:05,1,7,Command line profiler metrics,sm__cycles_elapsed.avg.per_second,cycle/second,"1,400,167,937.55"
168,129989,pinn,127.0.0.1,ampere_sgemm_32x128_tn,2022-Sep-16 13:47:06,1,7,Command line profiler metrics,sm__cycles_elapsed.avg,cycle,"10,075.94"
168,129989,pinn,127.0.0.1,ampere_sgemm_32x128_tn,2022-Sep-16 13:47:06,1,7,Command line profiler metrics,sm__cycles_elapsed.avg.per_second,cycle/second,"1,399,436,728.40"
169,129989,pinn,127.0.0.1,"void at::native::vectorized_elementwise_kernel<(int)4, at::native::tanh_kernel_cuda(at::TensorIteratorBase &)::[lambda() (instance 1)]::operator ()() const::[lambda() (instance 4)]::operator ()() const::[lambda(float) (instance 1)], at::detail::Array<char *, (int)2>>(int, T2, T3)",2022-Sep-16 13:47:06,1,7,Command line profiler metrics,sm__cycles_elapsed.avg,cycle,"3,978"
169,129989,pinn,127.0.0.1,"void at::native::vectorized_elementwise_kernel<(int)4, at::native::tanh_kernel_cuda(at::TensorIteratorBase &)::[lambda() (instance 1)]::operator ()() const::[lambda() (instance 4)]::operator ()() const::[lambda(float) (instance 1)], at::detail::Array<char *, (int)2>>(int, T2, T3)",2022-Sep-16 13:47:06,1,7,Command line profiler metrics,sm__cycles_elapsed.avg.per_second,cycle/second,"1,396,769,662.92"
170,129989,pinn,127.0.0.1,"void at::native::elementwise_kernel<(int)128, (int)2, void at::native::gpu_kernel_impl<at::native::<unnamed>::direct_copy_kernel_cuda(at::TensorIteratorBase &)::[lambda() (instance 2)]::operator ()() const::[lambda() (instance 8)]::operator ()() const::[lambda(float) (instance 1)]>(at::TensorIteratorBase &, const T1 &)::[lambda(int) (instance 1)]>(int, T3)",2022-Sep-16 13:47:06,1,7,Command line profiler metrics,sm__cycles_elapsed.avg,cycle,"4,660.11"
170,129989,pinn,127.0.0.1,"void at::native::elementwise_kernel<(int)128, (int)2, void at::native::gpu_kernel_impl<at::native::<unnamed>::direct_copy_kernel_cuda(at::TensorIteratorBase &)::[lambda() (instance 2)]::operator ()() const::[lambda() (instance 8)]::operator ()() const::[lambda(float) (instance 1)]>(at::TensorIteratorBase &, const T1 &)::[lambda(int) (instance 1)]>(int, T3)",2022-Sep-16 13:47:06,1,7,Command line profiler metrics,sm__cycles_elapsed.avg.per_second,cycle/second,"1,386,937,830.69"
171,129989,pinn,127.0.0.1,ampere_sgemm_32x128_tn,2022-Sep-16 13:47:06,1,7,Command line profiler metrics,sm__cycles_elapsed.avg,cycle,"10,197.15"
171,129989,pinn,127.0.0.1,ampere_sgemm_32x128_tn,2022-Sep-16 13:47:06,1,7,Command line profiler metrics,sm__cycles_elapsed.avg.per_second,cycle/second,"1,397,635,436.97"
172,129989,pinn,127.0.0.1,"void at::native::vectorized_elementwise_kernel<(int)4, at::native::tanh_kernel_cuda(at::TensorIteratorBase &)::[lambda() (instance 1)]::operator ()() const::[lambda() (instance 4)]::operator ()() const::[lambda(float) (instance 1)], at::detail::Array<char *, (int)2>>(int, T2, T3)",2022-Sep-16 13:47:06,1,7,Command line profiler metrics,sm__cycles_elapsed.avg,cycle,"3,987.13"
172,129989,pinn,127.0.0.1,"void at::native::vectorized_elementwise_kernel<(int)4, at::native::tanh_kernel_cuda(at::TensorIteratorBase &)::[lambda() (instance 1)]::operator ()() const::[lambda() (instance 4)]::operator ()() const::[lambda(float) (instance 1)], at::detail::Array<char *, (int)2>>(int, T2, T3)",2022-Sep-16 13:47:06,1,7,Command line profiler metrics,sm__cycles_elapsed.avg.per_second,cycle/second,"1,399,975,291.30"
173,129989,pinn,127.0.0.1,"void at::native::elementwise_kernel<(int)128, (int)2, void at::native::gpu_kernel_impl<at::native::<unnamed>::direct_copy_kernel_cuda(at::TensorIteratorBase &)::[lambda() (instance 2)]::operator ()() const::[lambda() (instance 8)]::operator ()() const::[lambda(float) (instance 1)]>(at::TensorIteratorBase &, const T1 &)::[lambda(int) (instance 1)]>(int, T3)",2022-Sep-16 13:47:06,1,7,Command line profiler metrics,sm__cycles_elapsed.avg,cycle,"4,421.15"
173,129989,pinn,127.0.0.1,"void at::native::elementwise_kernel<(int)128, (int)2, void at::native::gpu_kernel_impl<at::native::<unnamed>::direct_copy_kernel_cuda(at::TensorIteratorBase &)::[lambda() (instance 2)]::operator ()() const::[lambda() (instance 8)]::operator ()() const::[lambda(float) (instance 1)]>(at::TensorIteratorBase &, const T1 &)::[lambda(int) (instance 1)]>(int, T3)",2022-Sep-16 13:47:06,1,7,Command line profiler metrics,sm__cycles_elapsed.avg.per_second,cycle/second,"1,381,608,796.30"
174,129989,pinn,127.0.0.1,ampere_sgemm_32x128_tn,2022-Sep-16 13:47:06,1,7,Command line profiler metrics,sm__cycles_elapsed.avg,cycle,"10,159.54"
174,129989,pinn,127.0.0.1,ampere_sgemm_32x128_tn,2022-Sep-16 13:47:06,1,7,Command line profiler metrics,sm__cycles_elapsed.avg.per_second,cycle/second,"1,398,614,680.21"
175,129989,pinn,127.0.0.1,"void at::native::vectorized_elementwise_kernel<(int)4, at::native::tanh_kernel_cuda(at::TensorIteratorBase &)::[lambda() (instance 1)]::operator ()() const::[lambda() (instance 4)]::operator ()() const::[lambda(float) (instance 1)], at::detail::Array<char *, (int)2>>(int, T2, T3)",2022-Sep-16 13:47:06,1,7,Command line profiler metrics,sm__cycles_elapsed.avg,cycle,"3,977.74"
175,129989,pinn,127.0.0.1,"void at::native::vectorized_elementwise_kernel<(int)4, at::native::tanh_kernel_cuda(at::TensorIteratorBase &)::[lambda() (instance 1)]::operator ()() const::[lambda() (instance 4)]::operator ()() const::[lambda(float) (instance 1)], at::detail::Array<char *, (int)2>>(int, T2, T3)",2022-Sep-16 13:47:06,1,7,Command line profiler metrics,sm__cycles_elapsed.avg.per_second,cycle/second,"1,396,678,630.88"
176,129989,pinn,127.0.0.1,"void at::native::elementwise_kernel<(int)128, (int)2, void at::native::gpu_kernel_impl<at::native::<unnamed>::direct_copy_kernel_cuda(at::TensorIteratorBase &)::[lambda() (instance 2)]::operator ()() const::[lambda() (instance 8)]::operator ()() const::[lambda(float) (instance 1)]>(at::TensorIteratorBase &, const T1 &)::[lambda(int) (instance 1)]>(int, T3)",2022-Sep-16 13:47:06,1,7,Command line profiler metrics,sm__cycles_elapsed.avg,cycle,"4,241.02"
176,129989,pinn,127.0.0.1,"void at::native::elementwise_kernel<(int)128, (int)2, void at::native::gpu_kernel_impl<at::native::<unnamed>::direct_copy_kernel_cuda(at::TensorIteratorBase &)::[lambda() (instance 2)]::operator ()() const::[lambda() (instance 8)]::operator ()() const::[lambda(float) (instance 1)]>(at::TensorIteratorBase &, const T1 &)::[lambda(int) (instance 1)]>(int, T3)",2022-Sep-16 13:47:06,1,7,Command line profiler metrics,sm__cycles_elapsed.avg.per_second,cycle/second,"1,395,071,881.09"
177,129989,pinn,127.0.0.1,"std::enable_if<!T7, void>::type internal::gemvx::kernel<int, int, float, float, float, float, (bool)0, (bool)1, (bool)1, (bool)0, (int)7, cublasGemvParams<cublasGemvTensorStridedBatched<const float>, cublasGemvTensorStridedBatched<const float>, cublasGemvTensorStridedBatched<float>, float>>(T12)",2022-Sep-16 13:47:06,1,7,Command line profiler metrics,sm__cycles_elapsed.avg,cycle,"6,931.26"
177,129989,pinn,127.0.0.1,"std::enable_if<!T7, void>::type internal::gemvx::kernel<int, int, float, float, float, float, (bool)0, (bool)1, (bool)1, (bool)0, (int)7, cublasGemvParams<cublasGemvTensorStridedBatched<const float>, cublasGemvTensorStridedBatched<const float>, cublasGemvTensorStridedBatched<float>, float>>(T12)",2022-Sep-16 13:47:06,1,7,Command line profiler metrics,sm__cycles_elapsed.avg.per_second,cycle/second,"1,388,473,409.31"
178,129989,pinn,127.0.0.1,"void at::native::vectorized_elementwise_kernel<(int)4, at::native::mse_kernel_cuda(at::TensorIteratorBase &)::[lambda() (instance 1)]::operator ()() const::[lambda() (instance 4)]::operator ()() const::[lambda(float, float) (instance 1)], at::detail::Array<char *, (int)3>>(int, T2, T3)",2022-Sep-16 13:47:06,1,7,Command line profiler metrics,sm__cycles_elapsed.avg,cycle,"3,740.72"
178,129989,pinn,127.0.0.1,"void at::native::vectorized_elementwise_kernel<(int)4, at::native::mse_kernel_cuda(at::TensorIteratorBase &)::[lambda() (instance 1)]::operator ()() const::[lambda() (instance 4)]::operator ()() const::[lambda(float, float) (instance 1)], at::detail::Array<char *, (int)3>>(int, T2, T3)",2022-Sep-16 13:47:06,1,7,Command line profiler metrics,sm__cycles_elapsed.avg.per_second,cycle/second,"1,375,265,522.88"
179,129989,pinn,127.0.0.1,"void at::native::reduce_kernel<(int)512, (int)1, at::native::ReduceOp<float, at::native::MeanOps<float, float>, unsigned int, float, (int)4>>(T3)",2022-Sep-16 13:47:06,1,7,Command line profiler metrics,sm__cycles_elapsed.avg,cycle,"5,330.43"
179,129989,pinn,127.0.0.1,"void at::native::reduce_kernel<(int)512, (int)1, at::native::ReduceOp<float, at::native::MeanOps<float, float>, unsigned int, float, (int)4>>(T3)",2022-Sep-16 13:47:06,1,7,Command line profiler metrics,sm__cycles_elapsed.avg.per_second,cycle/second,"1,388,131,751.54"
180,129989,pinn,127.0.0.1,"void at::native::vectorized_elementwise_kernel<(int)4, at::native::CUDAFunctor_add<float>, at::detail::Array<char *, (int)3>>(int, T2, T3)",2022-Sep-16 13:47:06,1,7,Command line profiler metrics,sm__cycles_elapsed.avg,cycle,"3,597.59"
180,129989,pinn,127.0.0.1,"void at::native::vectorized_elementwise_kernel<(int)4, at::native::CUDAFunctor_add<float>, at::detail::Array<char *, (int)3>>(int, T2, T3)",2022-Sep-16 13:47:06,1,7,Command line profiler metrics,sm__cycles_elapsed.avg.per_second,cycle/second,"1,387,960,105.17"
181,129989,pinn,127.0.0.1,"void at::native::vectorized_elementwise_kernel<(int)4, at::native::FillFunctor<float>, at::detail::Array<char *, (int)1>>(int, T2, T3)",2022-Sep-16 13:47:06,1,7,Command line profiler metrics,sm__cycles_elapsed.avg,cycle,"3,186.69"
181,129989,pinn,127.0.0.1,"void at::native::vectorized_elementwise_kernel<(int)4, at::native::FillFunctor<float>, at::detail::Array<char *, (int)1>>(int, T2, T3)",2022-Sep-16 13:47:06,1,7,Command line profiler metrics,sm__cycles_elapsed.avg.per_second,cycle/second,"1,383,109,889.40"
182,129989,pinn,127.0.0.1,"void at::native::vectorized_elementwise_kernel<(int)4, at::native::FillFunctor<float>, at::detail::Array<char *, (int)1>>(int, T2, T3)",2022-Sep-16 13:47:06,1,7,Command line profiler metrics,sm__cycles_elapsed.avg,cycle,"3,206.70"
182,129989,pinn,127.0.0.1,"void at::native::vectorized_elementwise_kernel<(int)4, at::native::FillFunctor<float>, at::detail::Array<char *, (int)1>>(int, T2, T3)",2022-Sep-16 13:47:06,1,7,Command line profiler metrics,sm__cycles_elapsed.avg.per_second,cycle/second,"1,372,732,749.87"
183,129989,pinn,127.0.0.1,"void at::native::elementwise_kernel<(int)128, (int)2, void at::native::gpu_kernel_impl<at::native::mse_backward_cuda_kernel(at::TensorIterator &, const c10::Scalar &)::[lambda() (instance 1)]::operator ()() const::[lambda() (instance 4)]::operator ()() const::[lambda(float, float, float) (instance 1)]>(at::TensorIteratorBase &, const T1 &)::[lambda(int) (instance 1)]>(int, T3)",2022-Sep-16 13:47:06,1,7,Command line profiler metrics,sm__cycles_elapsed.avg,cycle,"5,990.85"
183,129989,pinn,127.0.0.1,"void at::native::elementwise_kernel<(int)128, (int)2, void at::native::gpu_kernel_impl<at::native::mse_backward_cuda_kernel(at::TensorIterator &, const c10::Scalar &)::[lambda() (instance 1)]::operator ()() const::[lambda() (instance 4)]::operator ()() const::[lambda(float, float, float) (instance 1)]>(at::TensorIteratorBase &, const T1 &)::[lambda(int) (instance 1)]>(int, T3)",2022-Sep-16 13:47:06,1,7,Command line profiler metrics,sm__cycles_elapsed.avg.per_second,cycle/second,"1,397,120,301.27"
184,129989,pinn,127.0.0.1,"void gemmk1_kernel<float, (int)256, (int)5, (bool)0, (bool)0, (bool)0, (bool)0, cublasGemvTensorStridedBatched<const float>, cublasGemvTensorStridedBatched<const float>, cublasGemvTensorStridedBatched<float>, float, (bool)1, (bool)1>(cublasGemmk1Params<T1, T8, T9, T10, T11, biasType<T10::value_type, T11>::type>)",2022-Sep-16 13:47:06,1,7,Command line profiler metrics,sm__cycles_elapsed.avg,cycle,"5,421.87"
184,129989,pinn,127.0.0.1,"void gemmk1_kernel<float, (int)256, (int)5, (bool)0, (bool)0, (bool)0, (bool)0, cublasGemvTensorStridedBatched<const float>, cublasGemvTensorStridedBatched<const float>, cublasGemvTensorStridedBatched<float>, float, (bool)1, (bool)1>(cublasGemmk1Params<T1, T8, T9, T10, T11, biasType<T10::value_type, T11>::type>)",2022-Sep-16 13:47:06,1,7,Command line profiler metrics,sm__cycles_elapsed.avg.per_second,cycle/second,"1,400,276,438.63"
185,129989,pinn,127.0.0.1,"void gemvNSP_kernel<float, float, float, float, (int)1, (int)32, (int)4, (int)1024, cublasGemvParams<cublasGemvTensorStridedBatched<const float>, cublasGemvTensorStridedBatched<const float>, cublasGemvTensorStridedBatched<float>, float>>(T9)",2022-Sep-16 13:47:06,1,7,Command line profiler metrics,sm__cycles_elapsed.avg,cycle,"6,831"
185,129989,pinn,127.0.0.1,"void gemvNSP_kernel<float, float, float, float, (int)1, (int)32, (int)4, (int)1024, cublasGemvParams<cublasGemvTensorStridedBatched<const float>, cublasGemvTensorStridedBatched<const float>, cublasGemvTensorStridedBatched<float>, float>>(T9)",2022-Sep-16 13:47:06,1,7,Command line profiler metrics,sm__cycles_elapsed.avg.per_second,cycle/second,"1,395,220,588.24"
186,129989,pinn,127.0.0.1,"void at::native::reduce_kernel<(int)512, (int)1, at::native::ReduceOp<float, at::native::func_wrapper_t<float, at::native::sum_functor<float, float, float>::operator ()(at::TensorIterator &)::[lambda(float, float) (instance 1)]>, unsigned int, float, (int)4>>(T3)",2022-Sep-16 13:47:06,1,7,Command line profiler metrics,sm__cycles_elapsed.avg,cycle,"6,362.65"
186,129989,pinn,127.0.0.1,"void at::native::reduce_kernel<(int)512, (int)1, at::native::ReduceOp<float, at::native::func_wrapper_t<float, at::native::sum_functor<float, float, float>::operator ()(at::TensorIterator &)::[lambda(float, float) (instance 1)]>, unsigned int, float, (int)4>>(T3)",2022-Sep-16 13:47:06,1,7,Command line profiler metrics,sm__cycles_elapsed.avg.per_second,cycle/second,"1,390,438,843.56"
187,129989,pinn,127.0.0.1,"void at::native::vectorized_elementwise_kernel<(int)4, at::native::tanh_backward_kernel_cuda(at::TensorIteratorBase &)::[lambda() (instance 2)]::operator ()() const::[lambda() (instance 4)]::operator ()() const::[lambda(float, float) (instance 1)], at::detail::Array<char *, (int)3>>(int, T2, T3)",2022-Sep-16 13:47:06,1,7,Command line profiler metrics,sm__cycles_elapsed.avg,cycle,"3,811.13"
187,129989,pinn,127.0.0.1,"void at::native::vectorized_elementwise_kernel<(int)4, at::native::tanh_backward_kernel_cuda(at::TensorIteratorBase &)::[lambda() (instance 2)]::operator ()() const::[lambda() (instance 4)]::operator ()() const::[lambda(float, float) (instance 1)], at::detail::Array<char *, (int)3>>(int, T2, T3)",2022-Sep-16 13:47:06,1,7,Command line profiler metrics,sm__cycles_elapsed.avg.per_second,cycle/second,"1,401,150,599.13"
188,129989,pinn,127.0.0.1,ampere_sgemm_32x32_sliced1x4_nn,2022-Sep-16 13:47:06,1,7,Command line profiler metrics,sm__cycles_elapsed.avg,cycle,"8,347.24"
188,129989,pinn,127.0.0.1,ampere_sgemm_32x32_sliced1x4_nn,2022-Sep-16 13:47:06,1,7,Command line profiler metrics,sm__cycles_elapsed.avg.per_second,cycle/second,"1,402,426,199.72"
189,129989,pinn,127.0.0.1,ampere_sgemm_32x32_sliced1x4_nt,2022-Sep-16 13:47:06,1,7,Command line profiler metrics,sm__cycles_elapsed.avg,cycle,"18,120.43"
189,129989,pinn,127.0.0.1,ampere_sgemm_32x32_sliced1x4_nt,2022-Sep-16 13:47:06,1,7,Command line profiler metrics,sm__cycles_elapsed.avg.per_second,cycle/second,"1,405,119,876.39"
190,129989,pinn,127.0.0.1,"void at::native::reduce_kernel<(int)128, (int)4, at::native::ReduceOp<float, at::native::func_wrapper_t<float, at::native::sum_functor<float, float, float>::operator ()(at::TensorIterator &)::[lambda(float, float) (instance 1)]>, unsigned int, float, (int)4>>(T3)",2022-Sep-16 13:47:06,1,7,Command line profiler metrics,sm__cycles_elapsed.avg,cycle,"10,018.83"
190,129989,pinn,127.0.0.1,"void at::native::reduce_kernel<(int)128, (int)4, at::native::ReduceOp<float, at::native::func_wrapper_t<float, at::native::sum_functor<float, float, float>::operator ()(at::TensorIterator &)::[lambda(float, float) (instance 1)]>, unsigned int, float, (int)4>>(T3)",2022-Sep-16 13:47:06,1,7,Command line profiler metrics,sm__cycles_elapsed.avg.per_second,cycle/second,"1,397,716,703.87"
191,129989,pinn,127.0.0.1,"void at::native::vectorized_elementwise_kernel<(int)4, at::native::tanh_backward_kernel_cuda(at::TensorIteratorBase &)::[lambda() (instance 2)]::operator ()() const::[lambda() (instance 4)]::operator ()() const::[lambda(float, float) (instance 1)], at::detail::Array<char *, (int)3>>(int, T2, T3)",2022-Sep-16 13:47:06,1,7,Command line profiler metrics,sm__cycles_elapsed.avg,cycle,"3,906.83"
191,129989,pinn,127.0.0.1,"void at::native::vectorized_elementwise_kernel<(int)4, at::native::tanh_backward_kernel_cuda(at::TensorIteratorBase &)::[lambda() (instance 2)]::operator ()() const::[lambda() (instance 4)]::operator ()() const::[lambda(float, float) (instance 1)], at::detail::Array<char *, (int)3>>(int, T2, T3)",2022-Sep-16 13:47:06,1,7,Command line profiler metrics,sm__cycles_elapsed.avg.per_second,cycle/second,"1,387,369,791.67"
192,129989,pinn,127.0.0.1,ampere_sgemm_32x32_sliced1x4_nn,2022-Sep-16 13:47:06,1,7,Command line profiler metrics,sm__cycles_elapsed.avg,cycle,"8,289.35"
192,129989,pinn,127.0.0.1,ampere_sgemm_32x32_sliced1x4_nn,2022-Sep-16 13:47:06,1,7,Command line profiler metrics,sm__cycles_elapsed.avg.per_second,cycle/second,"1,400,228,353.35"
193,129989,pinn,127.0.0.1,ampere_sgemm_32x32_sliced1x4_nt,2022-Sep-16 13:47:06,1,7,Command line profiler metrics,sm__cycles_elapsed.avg,cycle,"18,070.28"
193,129989,pinn,127.0.0.1,ampere_sgemm_32x32_sliced1x4_nt,2022-Sep-16 13:47:06,1,7,Command line profiler metrics,sm__cycles_elapsed.avg.per_second,cycle/second,"1,404,716,867.05"
194,129989,pinn,127.0.0.1,"void at::native::reduce_kernel<(int)128, (int)4, at::native::ReduceOp<float, at::native::func_wrapper_t<float, at::native::sum_functor<float, float, float>::operator ()(at::TensorIterator &)::[lambda(float, float) (instance 1)]>, unsigned int, float, (int)4>>(T3)",2022-Sep-16 13:47:06,1,7,Command line profiler metrics,sm__cycles_elapsed.avg,cycle,"8,432.59"
194,129989,pinn,127.0.0.1,"void at::native::reduce_kernel<(int)128, (int)4, at::native::ReduceOp<float, at::native::func_wrapper_t<float, at::native::sum_functor<float, float, float>::operator ()(at::TensorIterator &)::[lambda(float, float) (instance 1)]>, unsigned int, float, (int)4>>(T3)",2022-Sep-16 13:47:06,1,7,Command line profiler metrics,sm__cycles_elapsed.avg.per_second,cycle/second,"1,394,277,875.76"
195,129989,pinn,127.0.0.1,"void at::native::vectorized_elementwise_kernel<(int)4, at::native::tanh_backward_kernel_cuda(at::TensorIteratorBase &)::[lambda() (instance 2)]::operator ()() const::[lambda() (instance 4)]::operator ()() const::[lambda(float, float) (instance 1)], at::detail::Array<char *, (int)3>>(int, T2, T3)",2022-Sep-16 13:47:06,1,7,Command line profiler metrics,sm__cycles_elapsed.avg,cycle,"3,918.26"
195,129989,pinn,127.0.0.1,"void at::native::vectorized_elementwise_kernel<(int)4, at::native::tanh_backward_kernel_cuda(at::TensorIteratorBase &)::[lambda() (instance 2)]::operator ()() const::[lambda() (instance 4)]::operator ()() const::[lambda(float, float) (instance 1)], at::detail::Array<char *, (int)3>>(int, T2, T3)",2022-Sep-16 13:47:06,1,7,Command line profiler metrics,sm__cycles_elapsed.avg.per_second,cycle/second,"1,391,427,293.77"
196,129989,pinn,127.0.0.1,ampere_sgemm_32x32_sliced1x4_nn,2022-Sep-16 13:47:06,1,7,Command line profiler metrics,sm__cycles_elapsed.avg,cycle,"8,270.96"
196,129989,pinn,127.0.0.1,ampere_sgemm_32x32_sliced1x4_nn,2022-Sep-16 13:47:06,1,7,Command line profiler metrics,sm__cycles_elapsed.avg.per_second,cycle/second,"1,404,715,177.13"
197,129989,pinn,127.0.0.1,ampere_sgemm_32x32_sliced1x4_nt,2022-Sep-16 13:47:06,1,7,Command line profiler metrics,sm__cycles_elapsed.avg,cycle,"17,823.26"
197,129989,pinn,127.0.0.1,ampere_sgemm_32x32_sliced1x4_nt,2022-Sep-16 13:47:06,1,7,Command line profiler metrics,sm__cycles_elapsed.avg.per_second,cycle/second,"1,402,964,362.35"
198,129989,pinn,127.0.0.1,"void at::native::reduce_kernel<(int)128, (int)4, at::native::ReduceOp<float, at::native::func_wrapper_t<float, at::native::sum_functor<float, float, float>::operator ()(at::TensorIterator &)::[lambda(float, float) (instance 1)]>, unsigned int, float, (int)4>>(T3)",2022-Sep-16 13:47:06,1,7,Command line profiler metrics,sm__cycles_elapsed.avg,cycle,"8,156.91"
198,129989,pinn,127.0.0.1,"void at::native::reduce_kernel<(int)128, (int)4, at::native::ReduceOp<float, at::native::func_wrapper_t<float, at::native::sum_functor<float, float, float>::operator ()(at::TensorIterator &)::[lambda(float, float) (instance 1)]>, unsigned int, float, (int)4>>(T3)",2022-Sep-16 13:47:06,1,7,Command line profiler metrics,sm__cycles_elapsed.avg.per_second,cycle/second,"1,400,567,892.76"
199,129989,pinn,127.0.0.1,"void at::native::vectorized_elementwise_kernel<(int)4, at::native::tanh_backward_kernel_cuda(at::TensorIteratorBase &)::[lambda() (instance 2)]::operator ()() const::[lambda() (instance 4)]::operator ()() const::[lambda(float, float) (instance 1)], at::detail::Array<char *, (int)3>>(int, T2, T3)",2022-Sep-16 13:47:06,1,7,Command line profiler metrics,sm__cycles_elapsed.avg,cycle,"3,803.98"
199,129989,pinn,127.0.0.1,"void at::native::vectorized_elementwise_kernel<(int)4, at::native::tanh_backward_kernel_cuda(at::TensorIteratorBase &)::[lambda() (instance 2)]::operator ()() const::[lambda() (instance 4)]::operator ()() const::[lambda(float, float) (instance 1)], at::detail::Array<char *, (int)3>>(int, T2, T3)",2022-Sep-16 13:47:06,1,7,Command line profiler metrics,sm__cycles_elapsed.avg.per_second,cycle/second,"1,382,260,712.75"
200,129989,pinn,127.0.0.1,ampere_sgemm_32x32_sliced1x4_nn,2022-Sep-16 13:47:06,1,7,Command line profiler metrics,sm__cycles_elapsed.avg,cycle,"8,076.22"
200,129989,pinn,127.0.0.1,ampere_sgemm_32x32_sliced1x4_nn,2022-Sep-16 13:47:06,1,7,Command line profiler metrics,sm__cycles_elapsed.avg.per_second,cycle/second,"1,402,121,913.58"
201,129989,pinn,127.0.0.1,ampere_sgemm_32x32_sliced1x4_nt,2022-Sep-16 13:47:06,1,7,Command line profiler metrics,sm__cycles_elapsed.avg,cycle,"18,598.30"
201,129989,pinn,127.0.0.1,ampere_sgemm_32x32_sliced1x4_nt,2022-Sep-16 13:47:06,1,7,Command line profiler metrics,sm__cycles_elapsed.avg.per_second,cycle/second,"1,403,856,906.42"
202,129989,pinn,127.0.0.1,"void at::native::reduce_kernel<(int)128, (int)4, at::native::ReduceOp<float, at::native::func_wrapper_t<float, at::native::sum_functor<float, float, float>::operator ()(at::TensorIterator &)::[lambda(float, float) (instance 1)]>, unsigned int, float, (int)4>>(T3)",2022-Sep-16 13:47:06,1,7,Command line profiler metrics,sm__cycles_elapsed.avg,cycle,"8,767.72"
202,129989,pinn,127.0.0.1,"void at::native::reduce_kernel<(int)128, (int)4, at::native::ReduceOp<float, at::native::func_wrapper_t<float, at::native::sum_functor<float, float, float>::operator ()(at::TensorIterator &)::[lambda(float, float) (instance 1)]>, unsigned int, float, (int)4>>(T3)",2022-Sep-16 13:47:06,1,7,Command line profiler metrics,sm__cycles_elapsed.avg.per_second,cycle/second,"1,397,914,895.12"
203,129989,pinn,127.0.0.1,"void at::native::vectorized_elementwise_kernel<(int)4, at::native::tanh_backward_kernel_cuda(at::TensorIteratorBase &)::[lambda() (instance 2)]::operator ()() const::[lambda() (instance 4)]::operator ()() const::[lambda(float, float) (instance 1)], at::detail::Array<char *, (int)3>>(int, T2, T3)",2022-Sep-16 13:47:06,1,7,Command line profiler metrics,sm__cycles_elapsed.avg,cycle,"4,051.98"
203,129989,pinn,127.0.0.1,"void at::native::vectorized_elementwise_kernel<(int)4, at::native::tanh_backward_kernel_cuda(at::TensorIteratorBase &)::[lambda() (instance 2)]::operator ()() const::[lambda() (instance 4)]::operator ()() const::[lambda(float, float) (instance 1)], at::detail::Array<char *, (int)3>>(int, T2, T3)",2022-Sep-16 13:47:06,1,7,Command line profiler metrics,sm__cycles_elapsed.avg.per_second,cycle/second,"1,391,477,157.10"
204,129989,pinn,127.0.0.1,ampere_sgemm_32x32_sliced1x4_nt,2022-Sep-16 13:47:06,1,7,Command line profiler metrics,sm__cycles_elapsed.avg,cycle,"17,542.56"
204,129989,pinn,127.0.0.1,ampere_sgemm_32x32_sliced1x4_nt,2022-Sep-16 13:47:06,1,7,Command line profiler metrics,sm__cycles_elapsed.avg.per_second,cycle/second,"1,405,653,490.03"
205,129989,pinn,127.0.0.1,"void at::native::reduce_kernel<(int)128, (int)4, at::native::ReduceOp<float, at::native::func_wrapper_t<float, at::native::sum_functor<float, float, float>::operator ()(at::TensorIterator &)::[lambda(float, float) (instance 1)]>, unsigned int, float, (int)4>>(T3)",2022-Sep-16 13:47:06,1,7,Command line profiler metrics,sm__cycles_elapsed.avg,cycle,"7,810.41"
205,129989,pinn,127.0.0.1,"void at::native::reduce_kernel<(int)128, (int)4, at::native::ReduceOp<float, at::native::func_wrapper_t<float, at::native::sum_functor<float, float, float>::operator ()(at::TensorIterator &)::[lambda(float, float) (instance 1)]>, unsigned int, float, (int)4>>(T3)",2022-Sep-16 13:47:06,1,7,Command line profiler metrics,sm__cycles_elapsed.avg.per_second,cycle/second,"1,402,731,215.41"
206,129989,pinn,127.0.0.1,"void at::native::vectorized_elementwise_kernel<(int)4, at::native::FillFunctor<float>, at::detail::Array<char *, (int)1>>(int, T2, T3)",2022-Sep-16 13:47:06,1,7,Command line profiler metrics,sm__cycles_elapsed.avg,cycle,"3,183.74"
206,129989,pinn,127.0.0.1,"void at::native::vectorized_elementwise_kernel<(int)4, at::native::FillFunctor<float>, at::detail::Array<char *, (int)1>>(int, T2, T3)",2022-Sep-16 13:47:06,1,7,Command line profiler metrics,sm__cycles_elapsed.avg.per_second,cycle/second,"1,381,831,918.72"
207,129989,pinn,127.0.0.1,"void at::native::elementwise_kernel<(int)128, (int)2, void at::native::gpu_kernel_impl<at::native::mse_backward_cuda_kernel(at::TensorIterator &, const c10::Scalar &)::[lambda() (instance 1)]::operator ()() const::[lambda() (instance 4)]::operator ()() const::[lambda(float, float, float) (instance 1)]>(at::TensorIteratorBase &, const T1 &)::[lambda(int) (instance 1)]>(int, T3)",2022-Sep-16 13:47:06,1,7,Command line profiler metrics,sm__cycles_elapsed.avg,cycle,"6,139.09"
207,129989,pinn,127.0.0.1,"void at::native::elementwise_kernel<(int)128, (int)2, void at::native::gpu_kernel_impl<at::native::mse_backward_cuda_kernel(at::TensorIterator &, const c10::Scalar &)::[lambda() (instance 1)]::operator ()() const::[lambda() (instance 4)]::operator ()() const::[lambda(float, float, float) (instance 1)]>(at::TensorIteratorBase &, const T1 &)::[lambda(int) (instance 1)]>(int, T3)",2022-Sep-16 13:47:06,1,7,Command line profiler metrics,sm__cycles_elapsed.avg.per_second,cycle/second,"1,400,340,463.64"
208,129989,pinn,127.0.0.1,"void at::native::vectorized_elementwise_kernel<(int)4, at::native::FillFunctor<float>, at::detail::Array<char *, (int)1>>(int, T2, T3)",2022-Sep-16 13:47:06,1,7,Command line profiler metrics,sm__cycles_elapsed.avg,cycle,"3,185.52"
208,129989,pinn,127.0.0.1,"void at::native::vectorized_elementwise_kernel<(int)4, at::native::FillFunctor<float>, at::detail::Array<char *, (int)1>>(int, T2, T3)",2022-Sep-16 13:47:06,1,7,Command line profiler metrics,sm__cycles_elapsed.avg.per_second,cycle/second,"1,382,603,523.66"
209,129989,pinn,127.0.0.1,"void at::native::elementwise_kernel<(int)128, (int)2, void at::native::gpu_kernel_impl<at::native::<unnamed>::direct_copy_kernel_cuda(at::TensorIteratorBase &)::[lambda() (instance 2)]::operator ()() const::[lambda() (instance 8)]::operator ()() const::[lambda(float) (instance 1)]>(at::TensorIteratorBase &, const T1 &)::[lambda(int) (instance 1)]>(int, T3)",2022-Sep-16 13:47:06,1,7,Command line profiler metrics,sm__cycles_elapsed.avg,cycle,"5,532.63"
209,129989,pinn,127.0.0.1,"void at::native::elementwise_kernel<(int)128, (int)2, void at::native::gpu_kernel_impl<at::native::<unnamed>::direct_copy_kernel_cuda(at::TensorIteratorBase &)::[lambda() (instance 2)]::operator ()() const::[lambda() (instance 8)]::operator ()() const::[lambda(float) (instance 1)]>(at::TensorIteratorBase &, const T1 &)::[lambda(int) (instance 1)]>(int, T3)",2022-Sep-16 13:47:06,1,7,Command line profiler metrics,sm__cycles_elapsed.avg.per_second,cycle/second,"1,394,311,902.63"
210,129989,pinn,127.0.0.1,ampere_sgemm_32x32_sliced1x4_nt,2022-Sep-16 13:47:06,1,7,Command line profiler metrics,sm__cycles_elapsed.avg,cycle,"169,983.85"
210,129989,pinn,127.0.0.1,ampere_sgemm_32x32_sliced1x4_nt,2022-Sep-16 13:47:06,1,7,Command line profiler metrics,sm__cycles_elapsed.avg.per_second,cycle/second,"1,408,270,246.65"
211,129989,pinn,127.0.0.1,ampere_sgemm_32x128_tn,2022-Sep-16 13:47:06,1,7,Command line profiler metrics,sm__cycles_elapsed.avg,cycle,"7,857.83"
211,129989,pinn,127.0.0.1,ampere_sgemm_32x128_tn,2022-Sep-16 13:47:06,1,7,Command line profiler metrics,sm__cycles_elapsed.avg.per_second,cycle/second,"1,395,211,884.47"
212,129989,pinn,127.0.0.1,"void at::native::vectorized_elementwise_kernel<(int)4, at::native::tanh_backward_kernel_cuda(at::TensorIteratorBase &)::[lambda() (instance 2)]::operator ()() const::[lambda() (instance 4)]::operator ()() const::[lambda(float, float) (instance 1)], at::detail::Array<char *, (int)3>>(int, T2, T3)",2022-Sep-16 13:47:06,1,7,Command line profiler metrics,sm__cycles_elapsed.avg,cycle,"4,703.48"
212,129989,pinn,127.0.0.1,"void at::native::vectorized_elementwise_kernel<(int)4, at::native::tanh_backward_kernel_cuda(at::TensorIteratorBase &)::[lambda() (instance 2)]::operator ()() const::[lambda() (instance 4)]::operator ()() const::[lambda(float, float) (instance 1)], at::detail::Array<char *, (int)3>>(int, T2, T3)",2022-Sep-16 13:47:06,1,7,Command line profiler metrics,sm__cycles_elapsed.avg.per_second,cycle/second,"1,386,639,587.70"
213,129989,pinn,127.0.0.1,"void at::native::vectorized_elementwise_kernel<(int)4, at::native::BUnaryFunctor<float, float, float, at::native::MulFunctor<float>>, at::detail::Array<char *, (int)2>>(int, T2, T3)",2022-Sep-16 13:47:06,1,7,Command line profiler metrics,sm__cycles_elapsed.avg,cycle,"4,394.83"
213,129989,pinn,127.0.0.1,"void at::native::vectorized_elementwise_kernel<(int)4, at::native::BUnaryFunctor<float, float, float, at::native::MulFunctor<float>>, at::detail::Array<char *, (int)2>>(int, T2, T3)",2022-Sep-16 13:47:06,1,7,Command line profiler metrics,sm__cycles_elapsed.avg.per_second,cycle/second,"1,387,257,996.63"
214,129989,pinn,127.0.0.1,"void at::native::vectorized_elementwise_kernel<(int)4, at::native::BinaryFunctor<float, float, float, at::native::MulFunctor<float>>, at::detail::Array<char *, (int)3>>(int, T2, T3)",2022-Sep-16 13:47:06,1,7,Command line profiler metrics,sm__cycles_elapsed.avg,cycle,"5,014.26"
214,129989,pinn,127.0.0.1,"void at::native::vectorized_elementwise_kernel<(int)4, at::native::BinaryFunctor<float, float, float, at::native::MulFunctor<float>>, at::detail::Array<char *, (int)3>>(int, T2, T3)",2022-Sep-16 13:47:06,1,7,Command line profiler metrics,sm__cycles_elapsed.avg.per_second,cycle/second,"1,386,686,742.05"
215,129989,pinn,127.0.0.1,"void at::native::vectorized_elementwise_kernel<(int)4, at::native::BinaryFunctor<float, float, float, at::native::MulFunctor<float>>, at::detail::Array<char *, (int)3>>(int, T2, T3)",2022-Sep-16 13:47:06,1,7,Command line profiler metrics,sm__cycles_elapsed.avg,cycle,"4,732.26"
215,129989,pinn,127.0.0.1,"void at::native::vectorized_elementwise_kernel<(int)4, at::native::BinaryFunctor<float, float, float, at::native::MulFunctor<float>>, at::detail::Array<char *, (int)3>>(int, T2, T3)",2022-Sep-16 13:47:06,1,7,Command line profiler metrics,sm__cycles_elapsed.avg.per_second,cycle/second,"1,382,085,064.04"
216,129989,pinn,127.0.0.1,ampere_sgemm_32x32_sliced1x4_nt,2022-Sep-16 13:47:06,1,7,Command line profiler metrics,sm__cycles_elapsed.avg,cycle,"177,779.15"
216,129989,pinn,127.0.0.1,ampere_sgemm_32x32_sliced1x4_nt,2022-Sep-16 13:47:06,1,7,Command line profiler metrics,sm__cycles_elapsed.avg.per_second,cycle/second,"1,409,334,951.71"
217,129989,pinn,127.0.0.1,ampere_sgemm_32x128_tn,2022-Sep-16 13:47:06,1,7,Command line profiler metrics,sm__cycles_elapsed.avg,cycle,"8,909.98"
217,129989,pinn,127.0.0.1,ampere_sgemm_32x128_tn,2022-Sep-16 13:47:06,1,7,Command line profiler metrics,sm__cycles_elapsed.avg.per_second,cycle/second,"1,399,180,509.03"
218,129989,pinn,127.0.0.1,"void at::native::vectorized_elementwise_kernel<(int)4, at::native::tanh_backward_kernel_cuda(at::TensorIteratorBase &)::[lambda() (instance 2)]::operator ()() const::[lambda() (instance 4)]::operator ()() const::[lambda(float, float) (instance 1)], at::detail::Array<char *, (int)3>>(int, T2, T3)",2022-Sep-16 13:47:06,1,7,Command line profiler metrics,sm__cycles_elapsed.avg,cycle,"4,702.83"
218,129989,pinn,127.0.0.1,"void at::native::vectorized_elementwise_kernel<(int)4, at::native::tanh_backward_kernel_cuda(at::TensorIteratorBase &)::[lambda() (instance 2)]::operator ()() const::[lambda() (instance 4)]::operator ()() const::[lambda(float, float) (instance 1)], at::detail::Array<char *, (int)3>>(int, T2, T3)",2022-Sep-16 13:47:06,1,7,Command line profiler metrics,sm__cycles_elapsed.avg.per_second,cycle/second,"1,386,448,506.29"
219,129989,pinn,127.0.0.1,"void at::native::vectorized_elementwise_kernel<(int)4, at::native::BUnaryFunctor<float, float, float, at::native::MulFunctor<float>>, at::detail::Array<char *, (int)2>>(int, T2, T3)",2022-Sep-16 13:47:06,1,7,Command line profiler metrics,sm__cycles_elapsed.avg,cycle,"4,246.37"
219,129989,pinn,127.0.0.1,"void at::native::vectorized_elementwise_kernel<(int)4, at::native::BUnaryFunctor<float, float, float, at::native::MulFunctor<float>>, at::detail::Array<char *, (int)2>>(int, T2, T3)",2022-Sep-16 13:47:06,1,7,Command line profiler metrics,sm__cycles_elapsed.avg.per_second,cycle/second,"1,396,832,358.67"
220,129989,pinn,127.0.0.1,"void at::native::vectorized_elementwise_kernel<(int)4, at::native::BinaryFunctor<float, float, float, at::native::MulFunctor<float>>, at::detail::Array<char *, (int)3>>(int, T2, T3)",2022-Sep-16 13:47:06,1,7,Command line profiler metrics,sm__cycles_elapsed.avg,cycle,"4,451.85"
220,129989,pinn,127.0.0.1,"void at::native::vectorized_elementwise_kernel<(int)4, at::native::BinaryFunctor<float, float, float, at::native::MulFunctor<float>>, at::detail::Array<char *, (int)3>>(int, T2, T3)",2022-Sep-16 13:47:06,1,7,Command line profiler metrics,sm__cycles_elapsed.avg.per_second,cycle/second,"1,377,429,409.61"
221,129989,pinn,127.0.0.1,"void at::native::vectorized_elementwise_kernel<(int)4, at::native::BinaryFunctor<float, float, float, at::native::MulFunctor<float>>, at::detail::Array<char *, (int)3>>(int, T2, T3)",2022-Sep-16 13:47:06,1,7,Command line profiler metrics,sm__cycles_elapsed.avg,cycle,"4,782.72"
221,129989,pinn,127.0.0.1,"void at::native::vectorized_elementwise_kernel<(int)4, at::native::BinaryFunctor<float, float, float, at::native::MulFunctor<float>>, at::detail::Array<char *, (int)3>>(int, T2, T3)",2022-Sep-16 13:47:06,1,7,Command line profiler metrics,sm__cycles_elapsed.avg.per_second,cycle/second,"1,396,823,078.92"
222,129989,pinn,127.0.0.1,ampere_sgemm_32x32_sliced1x4_nt,2022-Sep-16 13:47:06,1,7,Command line profiler metrics,sm__cycles_elapsed.avg,cycle,"174,827.85"
222,129989,pinn,127.0.0.1,ampere_sgemm_32x32_sliced1x4_nt,2022-Sep-16 13:47:06,1,7,Command line profiler metrics,sm__cycles_elapsed.avg.per_second,cycle/second,"1,409,538,279.25"
223,129989,pinn,127.0.0.1,ampere_sgemm_32x128_tn,2022-Sep-16 13:47:06,1,7,Command line profiler metrics,sm__cycles_elapsed.avg,cycle,"8,917.76"
223,129989,pinn,127.0.0.1,ampere_sgemm_32x128_tn,2022-Sep-16 13:47:06,1,7,Command line profiler metrics,sm__cycles_elapsed.avg.per_second,cycle/second,"1,393,399,884.26"
224,129989,pinn,127.0.0.1,"void at::native::vectorized_elementwise_kernel<(int)4, at::native::tanh_backward_kernel_cuda(at::TensorIteratorBase &)::[lambda() (instance 2)]::operator ()() const::[lambda() (instance 4)]::operator ()() const::[lambda(float, float) (instance 1)], at::detail::Array<char *, (int)3>>(int, T2, T3)",2022-Sep-16 13:47:06,1,7,Command line profiler metrics,sm__cycles_elapsed.avg,cycle,"4,600.52"
224,129989,pinn,127.0.0.1,"void at::native::vectorized_elementwise_kernel<(int)4, at::native::tanh_backward_kernel_cuda(at::TensorIteratorBase &)::[lambda() (instance 2)]::operator ()() const::[lambda() (instance 4)]::operator ()() const::[lambda(float, float) (instance 1)], at::detail::Array<char *, (int)3>>(int, T2, T3)",2022-Sep-16 13:47:06,1,7,Command line profiler metrics,sm__cycles_elapsed.avg.per_second,cycle/second,"1,382,367,343.30"
225,129989,pinn,127.0.0.1,"void at::native::vectorized_elementwise_kernel<(int)4, at::native::BUnaryFunctor<float, float, float, at::native::MulFunctor<float>>, at::detail::Array<char *, (int)2>>(int, T2, T3)",2022-Sep-16 13:47:06,1,7,Command line profiler metrics,sm__cycles_elapsed.avg,cycle,"4,274.48"
225,129989,pinn,127.0.0.1,"void at::native::vectorized_elementwise_kernel<(int)4, at::native::BUnaryFunctor<float, float, float, at::native::MulFunctor<float>>, at::detail::Array<char *, (int)2>>(int, T2, T3)",2022-Sep-16 13:47:06,1,7,Command line profiler metrics,sm__cycles_elapsed.avg.per_second,cycle/second,"1,391,432,773.92"
226,129989,pinn,127.0.0.1,"void at::native::vectorized_elementwise_kernel<(int)4, at::native::BinaryFunctor<float, float, float, at::native::MulFunctor<float>>, at::detail::Array<char *, (int)3>>(int, T2, T3)",2022-Sep-16 13:47:06,1,7,Command line profiler metrics,sm__cycles_elapsed.avg,cycle,"4,717.78"
226,129989,pinn,127.0.0.1,"void at::native::vectorized_elementwise_kernel<(int)4, at::native::BinaryFunctor<float, float, float, at::native::MulFunctor<float>>, at::detail::Array<char *, (int)3>>(int, T2, T3)",2022-Sep-16 13:47:06,1,7,Command line profiler metrics,sm__cycles_elapsed.avg.per_second,cycle/second,"1,390,854,297.69"
227,129989,pinn,127.0.0.1,"void at::native::vectorized_elementwise_kernel<(int)4, at::native::BinaryFunctor<float, float, float, at::native::MulFunctor<float>>, at::detail::Array<char *, (int)3>>(int, T2, T3)",2022-Sep-16 13:47:06,1,7,Command line profiler metrics,sm__cycles_elapsed.avg,cycle,"4,485.09"
227,129989,pinn,127.0.0.1,"void at::native::vectorized_elementwise_kernel<(int)4, at::native::BinaryFunctor<float, float, float, at::native::MulFunctor<float>>, at::detail::Array<char *, (int)3>>(int, T2, T3)",2022-Sep-16 13:47:06,1,7,Command line profiler metrics,sm__cycles_elapsed.avg.per_second,cycle/second,"1,387,714,292.26"
228,129989,pinn,127.0.0.1,ampere_sgemm_32x32_sliced1x4_nt,2022-Sep-16 13:47:06,1,7,Command line profiler metrics,sm__cycles_elapsed.avg,cycle,"175,864.02"
228,129989,pinn,127.0.0.1,ampere_sgemm_32x32_sliced1x4_nt,2022-Sep-16 13:47:06,1,7,Command line profiler metrics,sm__cycles_elapsed.avg.per_second,cycle/second,"1,409,528,232.55"
229,129989,pinn,127.0.0.1,ampere_sgemm_32x128_tn,2022-Sep-16 13:47:06,1,7,Command line profiler metrics,sm__cycles_elapsed.avg,cycle,"8,855.50"
229,129989,pinn,127.0.0.1,ampere_sgemm_32x128_tn,2022-Sep-16 13:47:06,1,7,Command line profiler metrics,sm__cycles_elapsed.avg.per_second,cycle/second,"1,397,648,358.59"
230,129989,pinn,127.0.0.1,"void at::native::vectorized_elementwise_kernel<(int)4, at::native::tanh_backward_kernel_cuda(at::TensorIteratorBase &)::[lambda() (instance 2)]::operator ()() const::[lambda() (instance 4)]::operator ()() const::[lambda(float, float) (instance 1)], at::detail::Array<char *, (int)3>>(int, T2, T3)",2022-Sep-16 13:47:06,1,7,Command line profiler metrics,sm__cycles_elapsed.avg,cycle,"4,724.06"
230,129989,pinn,127.0.0.1,"void at::native::vectorized_elementwise_kernel<(int)4, at::native::tanh_backward_kernel_cuda(at::TensorIteratorBase &)::[lambda() (instance 2)]::operator ()() const::[lambda() (instance 4)]::operator ()() const::[lambda(float, float) (instance 1)], at::detail::Array<char *, (int)3>>(int, T2, T3)",2022-Sep-16 13:47:06,1,7,Command line profiler metrics,sm__cycles_elapsed.avg.per_second,cycle/second,"1,392,705,057.65"
231,129989,pinn,127.0.0.1,"void at::native::vectorized_elementwise_kernel<(int)4, at::native::BUnaryFunctor<float, float, float, at::native::MulFunctor<float>>, at::detail::Array<char *, (int)2>>(int, T2, T3)",2022-Sep-16 13:47:06,1,7,Command line profiler metrics,sm__cycles_elapsed.avg,cycle,"4,389.93"
231,129989,pinn,127.0.0.1,"void at::native::vectorized_elementwise_kernel<(int)4, at::native::BUnaryFunctor<float, float, float, at::native::MulFunctor<float>>, at::detail::Array<char *, (int)2>>(int, T2, T3)",2022-Sep-16 13:47:06,1,7,Command line profiler metrics,sm__cycles_elapsed.avg.per_second,cycle/second,"1,385,708,941.26"
232,129989,pinn,127.0.0.1,"void at::native::vectorized_elementwise_kernel<(int)4, at::native::BinaryFunctor<float, float, float, at::native::MulFunctor<float>>, at::detail::Array<char *, (int)3>>(int, T2, T3)",2022-Sep-16 13:47:07,1,7,Command line profiler metrics,sm__cycles_elapsed.avg,cycle,"4,726.89"
232,129989,pinn,127.0.0.1,"void at::native::vectorized_elementwise_kernel<(int)4, at::native::BinaryFunctor<float, float, float, at::native::MulFunctor<float>>, at::detail::Array<char *, (int)3>>(int, T2, T3)",2022-Sep-16 13:47:07,1,7,Command line profiler metrics,sm__cycles_elapsed.avg.per_second,cycle/second,"1,393,540,356.39"
233,129989,pinn,127.0.0.1,"void at::native::vectorized_elementwise_kernel<(int)4, at::native::BinaryFunctor<float, float, float, at::native::MulFunctor<float>>, at::detail::Array<char *, (int)3>>(int, T2, T3)",2022-Sep-16 13:47:07,1,7,Command line profiler metrics,sm__cycles_elapsed.avg,cycle,"4,670.50"
233,129989,pinn,127.0.0.1,"void at::native::vectorized_elementwise_kernel<(int)4, at::native::BinaryFunctor<float, float, float, at::native::MulFunctor<float>>, at::detail::Array<char *, (int)3>>(int, T2, T3)",2022-Sep-16 13:47:07,1,7,Command line profiler metrics,sm__cycles_elapsed.avg.per_second,cycle/second,"1,376,916,273.58"
234,129989,pinn,127.0.0.1,ampere_sgemm_32x32_sliced1x4_nt,2022-Sep-16 13:47:07,1,7,Command line profiler metrics,sm__cycles_elapsed.avg,cycle,"173,478.85"
234,129989,pinn,127.0.0.1,ampere_sgemm_32x32_sliced1x4_nt,2022-Sep-16 13:47:07,1,7,Command line profiler metrics,sm__cycles_elapsed.avg.per_second,cycle/second,"1,409,572,054.18"
235,129989,pinn,127.0.0.1,ampere_sgemm_32x128_tn,2022-Sep-16 13:47:07,1,7,Command line profiler metrics,sm__cycles_elapsed.avg,cycle,"8,876.09"
235,129989,pinn,127.0.0.1,ampere_sgemm_32x128_tn,2022-Sep-16 13:47:07,1,7,Command line profiler metrics,sm__cycles_elapsed.avg.per_second,cycle/second,"1,393,858,761.40"
236,129989,pinn,127.0.0.1,"void at::native::vectorized_elementwise_kernel<(int)4, at::native::tanh_backward_kernel_cuda(at::TensorIteratorBase &)::[lambda() (instance 2)]::operator ()() const::[lambda() (instance 4)]::operator ()() const::[lambda(float, float) (instance 1)], at::detail::Array<char *, (int)3>>(int, T2, T3)",2022-Sep-16 13:47:07,1,7,Command line profiler metrics,sm__cycles_elapsed.avg,cycle,"4,582.20"
236,129989,pinn,127.0.0.1,"void at::native::vectorized_elementwise_kernel<(int)4, at::native::tanh_backward_kernel_cuda(at::TensorIteratorBase &)::[lambda() (instance 2)]::operator ()() const::[lambda() (instance 4)]::operator ()() const::[lambda(float, float) (instance 1)], at::detail::Array<char *, (int)3>>(int, T2, T3)",2022-Sep-16 13:47:07,1,7,Command line profiler metrics,sm__cycles_elapsed.avg.per_second,cycle/second,"1,376,864,093.66"
237,129989,pinn,127.0.0.1,"void at::native::vectorized_elementwise_kernel<(int)4, at::native::BUnaryFunctor<float, float, float, at::native::MulFunctor<float>>, at::detail::Array<char *, (int)2>>(int, T2, T3)",2022-Sep-16 13:47:07,1,7,Command line profiler metrics,sm__cycles_elapsed.avg,cycle,"4,116.78"
237,129989,pinn,127.0.0.1,"void at::native::vectorized_elementwise_kernel<(int)4, at::native::BUnaryFunctor<float, float, float, at::native::MulFunctor<float>>, at::detail::Array<char *, (int)2>>(int, T2, T3)",2022-Sep-16 13:47:07,1,7,Command line profiler metrics,sm__cycles_elapsed.avg.per_second,cycle/second,"1,398,362,016.91"
238,129989,pinn,127.0.0.1,"void at::native::vectorized_elementwise_kernel<(int)4, at::native::BinaryFunctor<float, float, float, at::native::MulFunctor<float>>, at::detail::Array<char *, (int)3>>(int, T2, T3)",2022-Sep-16 13:47:07,1,7,Command line profiler metrics,sm__cycles_elapsed.avg,cycle,"4,558.52"
238,129989,pinn,127.0.0.1,"void at::native::vectorized_elementwise_kernel<(int)4, at::native::BinaryFunctor<float, float, float, at::native::MulFunctor<float>>, at::detail::Array<char *, (int)3>>(int, T2, T3)",2022-Sep-16 13:47:07,1,7,Command line profiler metrics,sm__cycles_elapsed.avg.per_second,cycle/second,"1,396,604,938.27"
239,129989,pinn,127.0.0.1,"void at::native::vectorized_elementwise_kernel<(int)4, at::native::BinaryFunctor<float, float, float, at::native::MulFunctor<float>>, at::detail::Array<char *, (int)3>>(int, T2, T3)",2022-Sep-16 13:47:07,1,7,Command line profiler metrics,sm__cycles_elapsed.avg,cycle,"4,655.22"
239,129989,pinn,127.0.0.1,"void at::native::vectorized_elementwise_kernel<(int)4, at::native::BinaryFunctor<float, float, float, at::native::MulFunctor<float>>, at::detail::Array<char *, (int)3>>(int, T2, T3)",2022-Sep-16 13:47:07,1,7,Command line profiler metrics,sm__cycles_elapsed.avg.per_second,cycle/second,"1,385,482,804.23"
240,129989,pinn,127.0.0.1,"void at::native::vectorized_elementwise_kernel<(int)4, at::native::BinaryFunctor<float, float, float, at::native::MulFunctor<float>>, at::detail::Array<char *, (int)3>>(int, T2, T3)",2022-Sep-16 13:47:07,1,7,Command line profiler metrics,sm__cycles_elapsed.avg,cycle,"4,682.72"
240,129989,pinn,127.0.0.1,"void at::native::vectorized_elementwise_kernel<(int)4, at::native::BinaryFunctor<float, float, float, at::native::MulFunctor<float>>, at::detail::Array<char *, (int)3>>(int, T2, T3)",2022-Sep-16 13:47:07,1,7,Command line profiler metrics,sm__cycles_elapsed.avg.per_second,cycle/second,"1,380,519,523.06"
241,129989,pinn,127.0.0.1,"void at::native::vectorized_elementwise_kernel<(int)4, at::native::BinaryFunctor<float, float, float, at::native::MulFunctor<float>>, at::detail::Array<char *, (int)3>>(int, T2, T3)",2022-Sep-16 13:47:07,1,7,Command line profiler metrics,sm__cycles_elapsed.avg,cycle,"4,638.89"
241,129989,pinn,127.0.0.1,"void at::native::vectorized_elementwise_kernel<(int)4, at::native::BinaryFunctor<float, float, float, at::native::MulFunctor<float>>, at::detail::Array<char *, (int)3>>(int, T2, T3)",2022-Sep-16 13:47:07,1,7,Command line profiler metrics,sm__cycles_elapsed.avg.per_second,cycle/second,"1,393,896,901.71"
242,129989,pinn,127.0.0.1,"void at::native::vectorized_elementwise_kernel<(int)4, at::native::BinaryFunctor<float, float, float, at::native::MulFunctor<float>>, at::detail::Array<char *, (int)3>>(int, T2, T3)",2022-Sep-16 13:47:07,1,7,Command line profiler metrics,sm__cycles_elapsed.avg,cycle,"4,746.54"
242,129989,pinn,127.0.0.1,"void at::native::vectorized_elementwise_kernel<(int)4, at::native::BinaryFunctor<float, float, float, at::native::MulFunctor<float>>, at::detail::Array<char *, (int)3>>(int, T2, T3)",2022-Sep-16 13:47:07,1,7,Command line profiler metrics,sm__cycles_elapsed.avg.per_second,cycle/second,"1,386,254,975.77"
243,129989,pinn,127.0.0.1,"void at::native::vectorized_elementwise_kernel<(int)4, at::native::BinaryFunctor<float, float, float, at::native::MulFunctor<float>>, at::detail::Array<char *, (int)3>>(int, T2, T3)",2022-Sep-16 13:47:07,1,7,Command line profiler metrics,sm__cycles_elapsed.avg,cycle,"4,602.80"
243,129989,pinn,127.0.0.1,"void at::native::vectorized_elementwise_kernel<(int)4, at::native::BinaryFunctor<float, float, float, at::native::MulFunctor<float>>, at::detail::Array<char *, (int)3>>(int, T2, T3)",2022-Sep-16 13:47:07,1,7,Command line profiler metrics,sm__cycles_elapsed.avg.per_second,cycle/second,"1,383,051,771.72"
244,129989,pinn,127.0.0.1,"void at::native::vectorized_elementwise_kernel<(int)4, at::native::BUnaryFunctor<float, float, float, at::native::MulFunctor<float>>, at::detail::Array<char *, (int)2>>(int, T2, T3)",2022-Sep-16 13:47:07,1,7,Command line profiler metrics,sm__cycles_elapsed.avg,cycle,"4,344.85"
244,129989,pinn,127.0.0.1,"void at::native::vectorized_elementwise_kernel<(int)4, at::native::BUnaryFunctor<float, float, float, at::native::MulFunctor<float>>, at::detail::Array<char *, (int)2>>(int, T2, T3)",2022-Sep-16 13:47:07,1,7,Command line profiler metrics,sm__cycles_elapsed.avg.per_second,cycle/second,"1,385,475,718.07"
245,129989,pinn,127.0.0.1,"void at::native::vectorized_elementwise_kernel<(int)4, at::native::CUDAFunctor_add<float>, at::detail::Array<char *, (int)3>>(int, T2, T3)",2022-Sep-16 13:47:07,1,7,Command line profiler metrics,sm__cycles_elapsed.avg,cycle,"4,577.69"
245,129989,pinn,127.0.0.1,"void at::native::vectorized_elementwise_kernel<(int)4, at::native::CUDAFunctor_add<float>, at::detail::Array<char *, (int)3>>(int, T2, T3)",2022-Sep-16 13:47:07,1,7,Command line profiler metrics,sm__cycles_elapsed.avg.per_second,cycle/second,"1,375,506,365.74"
246,129989,pinn,127.0.0.1,ampere_sgemm_32x32_sliced1x4_nt,2022-Sep-16 13:47:07,1,7,Command line profiler metrics,sm__cycles_elapsed.avg,cycle,"170,879.72"
246,129989,pinn,127.0.0.1,ampere_sgemm_32x32_sliced1x4_nt,2022-Sep-16 13:47:07,1,7,Command line profiler metrics,sm__cycles_elapsed.avg.per_second,cycle/second,"1,408,597,024.39"
247,129989,pinn,127.0.0.1,ampere_sgemm_32x128_nn,2022-Sep-16 13:47:07,1,7,Command line profiler metrics,sm__cycles_elapsed.avg,cycle,"9,144.31"
247,129989,pinn,127.0.0.1,ampere_sgemm_32x128_nn,2022-Sep-16 13:47:07,1,7,Command line profiler metrics,sm__cycles_elapsed.avg.per_second,cycle/second,"1,387,183,679.43"
248,129989,pinn,127.0.0.1,"void at::native::vectorized_elementwise_kernel<(int)4, at::native::BinaryFunctor<float, float, float, at::native::MulFunctor<float>>, at::detail::Array<char *, (int)3>>(int, T2, T3)",2022-Sep-16 13:47:07,1,7,Command line profiler metrics,sm__cycles_elapsed.avg,cycle,"4,489.57"
248,129989,pinn,127.0.0.1,"void at::native::vectorized_elementwise_kernel<(int)4, at::native::BinaryFunctor<float, float, float, at::native::MulFunctor<float>>, at::detail::Array<char *, (int)3>>(int, T2, T3)",2022-Sep-16 13:47:07,1,7,Command line profiler metrics,sm__cycles_elapsed.avg.per_second,cycle/second,"1,389,100,889.26"
249,129989,pinn,127.0.0.1,"void at::native::vectorized_elementwise_kernel<(int)4, at::native::BinaryFunctor<float, float, float, at::native::MulFunctor<float>>, at::detail::Array<char *, (int)3>>(int, T2, T3)",2022-Sep-16 13:47:07,1,7,Command line profiler metrics,sm__cycles_elapsed.avg,cycle,"4,568.65"
249,129989,pinn,127.0.0.1,"void at::native::vectorized_elementwise_kernel<(int)4, at::native::BinaryFunctor<float, float, float, at::native::MulFunctor<float>>, at::detail::Array<char *, (int)3>>(int, T2, T3)",2022-Sep-16 13:47:07,1,7,Command line profiler metrics,sm__cycles_elapsed.avg.per_second,cycle/second,"1,386,118,976.99"
250,129989,pinn,127.0.0.1,"void at::native::vectorized_elementwise_kernel<(int)4, at::native::BinaryFunctor<float, float, float, at::native::MulFunctor<float>>, at::detail::Array<char *, (int)3>>(int, T2, T3)",2022-Sep-16 13:47:07,1,7,Command line profiler metrics,sm__cycles_elapsed.avg,cycle,"4,585.80"
250,129989,pinn,127.0.0.1,"void at::native::vectorized_elementwise_kernel<(int)4, at::native::BinaryFunctor<float, float, float, at::native::MulFunctor<float>>, at::detail::Array<char *, (int)3>>(int, T2, T3)",2022-Sep-16 13:47:07,1,7,Command line profiler metrics,sm__cycles_elapsed.avg.per_second,cycle/second,"1,391,321,691.84"
251,129989,pinn,127.0.0.1,"void at::native::vectorized_elementwise_kernel<(int)4, at::native::BinaryFunctor<float, float, float, at::native::MulFunctor<float>>, at::detail::Array<char *, (int)3>>(int, T2, T3)",2022-Sep-16 13:47:07,1,7,Command line profiler metrics,sm__cycles_elapsed.avg,cycle,"4,675.52"
251,129989,pinn,127.0.0.1,"void at::native::vectorized_elementwise_kernel<(int)4, at::native::BinaryFunctor<float, float, float, at::native::MulFunctor<float>>, at::detail::Array<char *, (int)3>>(int, T2, T3)",2022-Sep-16 13:47:07,1,7,Command line profiler metrics,sm__cycles_elapsed.avg.per_second,cycle/second,"1,391,523,368.61"
252,129989,pinn,127.0.0.1,"void at::native::vectorized_elementwise_kernel<(int)4, at::native::BUnaryFunctor<float, float, float, at::native::MulFunctor<float>>, at::detail::Array<char *, (int)2>>(int, T2, T3)",2022-Sep-16 13:47:07,1,7,Command line profiler metrics,sm__cycles_elapsed.avg,cycle,"4,173.06"
252,129989,pinn,127.0.0.1,"void at::native::vectorized_elementwise_kernel<(int)4, at::native::BUnaryFunctor<float, float, float, at::native::MulFunctor<float>>, at::detail::Array<char *, (int)2>>(int, T2, T3)",2022-Sep-16 13:47:07,1,7,Command line profiler metrics,sm__cycles_elapsed.avg.per_second,cycle/second,"1,387,319,001.18"
253,129989,pinn,127.0.0.1,"void at::native::vectorized_elementwise_kernel<(int)4, at::native::CUDAFunctor_add<float>, at::detail::Array<char *, (int)3>>(int, T2, T3)",2022-Sep-16 13:47:07,1,7,Command line profiler metrics,sm__cycles_elapsed.avg,cycle,"4,558.74"
253,129989,pinn,127.0.0.1,"void at::native::vectorized_elementwise_kernel<(int)4, at::native::CUDAFunctor_add<float>, at::detail::Array<char *, (int)3>>(int, T2, T3)",2022-Sep-16 13:47:07,1,7,Command line profiler metrics,sm__cycles_elapsed.avg.per_second,cycle/second,"1,396,673,021.06"
254,129989,pinn,127.0.0.1,"void at::native::vectorized_elementwise_kernel<(int)4, at::native::tanh_backward_kernel_cuda(at::TensorIteratorBase &)::[lambda() (instance 2)]::operator ()() const::[lambda() (instance 4)]::operator ()() const::[lambda(float, float) (instance 1)], at::detail::Array<char *, (int)3>>(int, T2, T3)",2022-Sep-16 13:47:07,1,7,Command line profiler metrics,sm__cycles_elapsed.avg,cycle,"4,641.19"
254,129989,pinn,127.0.0.1,"void at::native::vectorized_elementwise_kernel<(int)4, at::native::tanh_backward_kernel_cuda(at::TensorIteratorBase &)::[lambda() (instance 2)]::operator ()() const::[lambda() (instance 4)]::operator ()() const::[lambda(float, float) (instance 1)], at::detail::Array<char *, (int)3>>(int, T2, T3)",2022-Sep-16 13:47:07,1,7,Command line profiler metrics,sm__cycles_elapsed.avg.per_second,cycle/second,"1,394,586,894.59"
255,129989,pinn,127.0.0.1,"void at::native::vectorized_elementwise_kernel<(int)4, at::native::BUnaryFunctor<float, float, float, at::native::MulFunctor<float>>, at::detail::Array<char *, (int)2>>(int, T2, T3)",2022-Sep-16 13:47:07,1,7,Command line profiler metrics,sm__cycles_elapsed.avg,cycle,"4,333.19"
255,129989,pinn,127.0.0.1,"void at::native::vectorized_elementwise_kernel<(int)4, at::native::BUnaryFunctor<float, float, float, at::native::MulFunctor<float>>, at::detail::Array<char *, (int)2>>(int, T2, T3)",2022-Sep-16 13:47:07,1,7,Command line profiler metrics,sm__cycles_elapsed.avg.per_second,cycle/second,"1,396,000,381.83"
256,129989,pinn,127.0.0.1,"void at::native::vectorized_elementwise_kernel<(int)4, at::native::BinaryFunctor<float, float, float, at::native::MulFunctor<float>>, at::detail::Array<char *, (int)3>>(int, T2, T3)",2022-Sep-16 13:47:07,1,7,Command line profiler metrics,sm__cycles_elapsed.avg,cycle,"4,633.07"
256,129989,pinn,127.0.0.1,"void at::native::vectorized_elementwise_kernel<(int)4, at::native::BinaryFunctor<float, float, float, at::native::MulFunctor<float>>, at::detail::Array<char *, (int)3>>(int, T2, T3)",2022-Sep-16 13:47:07,1,7,Command line profiler metrics,sm__cycles_elapsed.avg.per_second,cycle/second,"1,392,149,661.68"
257,129989,pinn,127.0.0.1,"void at::native::vectorized_elementwise_kernel<(int)4, at::native::BinaryFunctor<float, float, float, at::native::MulFunctor<float>>, at::detail::Array<char *, (int)3>>(int, T2, T3)",2022-Sep-16 13:47:07,1,7,Command line profiler metrics,sm__cycles_elapsed.avg,cycle,"4,720.78"
257,129989,pinn,127.0.0.1,"void at::native::vectorized_elementwise_kernel<(int)4, at::native::BinaryFunctor<float, float, float, at::native::MulFunctor<float>>, at::detail::Array<char *, (int)3>>(int, T2, T3)",2022-Sep-16 13:47:07,1,7,Command line profiler metrics,sm__cycles_elapsed.avg.per_second,cycle/second,"1,391,738,731.66"
258,129989,pinn,127.0.0.1,"void at::native::vectorized_elementwise_kernel<(int)4, at::native::CUDAFunctor_add<float>, at::detail::Array<char *, (int)3>>(int, T2, T3)",2022-Sep-16 13:47:07,1,7,Command line profiler metrics,sm__cycles_elapsed.avg,cycle,"4,607.80"
258,129989,pinn,127.0.0.1,"void at::native::vectorized_elementwise_kernel<(int)4, at::native::CUDAFunctor_add<float>, at::detail::Array<char *, (int)3>>(int, T2, T3)",2022-Sep-16 13:47:07,1,7,Command line profiler metrics,sm__cycles_elapsed.avg.per_second,cycle/second,"1,384,554,175.57"
259,129989,pinn,127.0.0.1,"void at::native::vectorized_elementwise_kernel<(int)4, at::native::CUDAFunctor_add<float>, at::detail::Array<char *, (int)3>>(int, T2, T3)",2022-Sep-16 13:47:07,1,7,Command line profiler metrics,sm__cycles_elapsed.avg,cycle,"4,647.22"
259,129989,pinn,127.0.0.1,"void at::native::vectorized_elementwise_kernel<(int)4, at::native::CUDAFunctor_add<float>, at::detail::Array<char *, (int)3>>(int, T2, T3)",2022-Sep-16 13:47:07,1,7,Command line profiler metrics,sm__cycles_elapsed.avg.per_second,cycle/second,"1,383,101,851.85"
260,129989,pinn,127.0.0.1,ampere_sgemm_32x32_sliced1x4_nt,2022-Sep-16 13:47:07,1,7,Command line profiler metrics,sm__cycles_elapsed.avg,cycle,"171,656.30"
260,129989,pinn,127.0.0.1,ampere_sgemm_32x32_sliced1x4_nt,2022-Sep-16 13:47:07,1,7,Command line profiler metrics,sm__cycles_elapsed.avg.per_second,cycle/second,"1,409,421,770.69"
261,129989,pinn,127.0.0.1,ampere_sgemm_32x128_nn,2022-Sep-16 13:47:07,1,7,Command line profiler metrics,sm__cycles_elapsed.avg,cycle,"8,877.48"
261,129989,pinn,127.0.0.1,ampere_sgemm_32x128_nn,2022-Sep-16 13:47:07,1,7,Command line profiler metrics,sm__cycles_elapsed.avg.per_second,cycle/second,"1,394,076,865.81"
262,129989,pinn,127.0.0.1,"void at::native::vectorized_elementwise_kernel<(int)4, at::native::BinaryFunctor<float, float, float, at::native::MulFunctor<float>>, at::detail::Array<char *, (int)3>>(int, T2, T3)",2022-Sep-16 13:47:07,1,7,Command line profiler metrics,sm__cycles_elapsed.avg,cycle,"4,620.52"
262,129989,pinn,127.0.0.1,"void at::native::vectorized_elementwise_kernel<(int)4, at::native::BinaryFunctor<float, float, float, at::native::MulFunctor<float>>, at::detail::Array<char *, (int)3>>(int, T2, T3)",2022-Sep-16 13:47:07,1,7,Command line profiler metrics,sm__cycles_elapsed.avg.per_second,cycle/second,"1,388,376,958.69"
263,129989,pinn,127.0.0.1,"void at::native::vectorized_elementwise_kernel<(int)4, at::native::BinaryFunctor<float, float, float, at::native::MulFunctor<float>>, at::detail::Array<char *, (int)3>>(int, T2, T3)",2022-Sep-16 13:47:07,1,7,Command line profiler metrics,sm__cycles_elapsed.avg,cycle,"4,724.46"
263,129989,pinn,127.0.0.1,"void at::native::vectorized_elementwise_kernel<(int)4, at::native::BinaryFunctor<float, float, float, at::native::MulFunctor<float>>, at::detail::Array<char *, (int)3>>(int, T2, T3)",2022-Sep-16 13:47:07,1,7,Command line profiler metrics,sm__cycles_elapsed.avg.per_second,cycle/second,"1,379,808,108.34"
264,129989,pinn,127.0.0.1,"void at::native::vectorized_elementwise_kernel<(int)4, at::native::BinaryFunctor<float, float, float, at::native::MulFunctor<float>>, at::detail::Array<char *, (int)3>>(int, T2, T3)",2022-Sep-16 13:47:07,1,7,Command line profiler metrics,sm__cycles_elapsed.avg,cycle,"4,580.07"
264,129989,pinn,127.0.0.1,"void at::native::vectorized_elementwise_kernel<(int)4, at::native::BinaryFunctor<float, float, float, at::native::MulFunctor<float>>, at::detail::Array<char *, (int)3>>(int, T2, T3)",2022-Sep-16 13:47:07,1,7,Command line profiler metrics,sm__cycles_elapsed.avg.per_second,cycle/second,"1,389,585,580.73"
265,129989,pinn,127.0.0.1,"void at::native::vectorized_elementwise_kernel<(int)4, at::native::BinaryFunctor<float, float, float, at::native::MulFunctor<float>>, at::detail::Array<char *, (int)3>>(int, T2, T3)",2022-Sep-16 13:47:07,1,7,Command line profiler metrics,sm__cycles_elapsed.avg,cycle,"4,850.76"
265,129989,pinn,127.0.0.1,"void at::native::vectorized_elementwise_kernel<(int)4, at::native::BinaryFunctor<float, float, float, at::native::MulFunctor<float>>, at::detail::Array<char *, (int)3>>(int, T2, T3)",2022-Sep-16 13:47:07,1,7,Command line profiler metrics,sm__cycles_elapsed.avg.per_second,cycle/second,"1,390,699,328.92"
266,129989,pinn,127.0.0.1,"void at::native::vectorized_elementwise_kernel<(int)4, at::native::BUnaryFunctor<float, float, float, at::native::MulFunctor<float>>, at::detail::Array<char *, (int)2>>(int, T2, T3)",2022-Sep-16 13:47:07,1,7,Command line profiler metrics,sm__cycles_elapsed.avg,cycle,"4,172.78"
266,129989,pinn,127.0.0.1,"void at::native::vectorized_elementwise_kernel<(int)4, at::native::BUnaryFunctor<float, float, float, at::native::MulFunctor<float>>, at::detail::Array<char *, (int)2>>(int, T2, T3)",2022-Sep-16 13:47:07,1,7,Command line profiler metrics,sm__cycles_elapsed.avg.per_second,cycle/second,"1,387,226,654.85"
267,129989,pinn,127.0.0.1,"void at::native::vectorized_elementwise_kernel<(int)4, at::native::CUDAFunctor_add<float>, at::detail::Array<char *, (int)3>>(int, T2, T3)",2022-Sep-16 13:47:07,1,7,Command line profiler metrics,sm__cycles_elapsed.avg,cycle,"4,793.48"
267,129989,pinn,127.0.0.1,"void at::native::vectorized_elementwise_kernel<(int)4, at::native::CUDAFunctor_add<float>, at::detail::Array<char *, (int)3>>(int, T2, T3)",2022-Sep-16 13:47:07,1,7,Command line profiler metrics,sm__cycles_elapsed.avg.per_second,cycle/second,"1,387,002,743.48"
268,129989,pinn,127.0.0.1,"void at::native::vectorized_elementwise_kernel<(int)4, at::native::tanh_backward_kernel_cuda(at::TensorIteratorBase &)::[lambda() (instance 2)]::operator ()() const::[lambda() (instance 4)]::operator ()() const::[lambda(float, float) (instance 1)], at::detail::Array<char *, (int)3>>(int, T2, T3)",2022-Sep-16 13:47:07,1,7,Command line profiler metrics,sm__cycles_elapsed.avg,cycle,"4,685.50"
268,129989,pinn,127.0.0.1,"void at::native::vectorized_elementwise_kernel<(int)4, at::native::tanh_backward_kernel_cuda(at::TensorIteratorBase &)::[lambda() (instance 2)]::operator ()() const::[lambda() (instance 4)]::operator ()() const::[lambda(float, float) (instance 1)], at::detail::Array<char *, (int)3>>(int, T2, T3)",2022-Sep-16 13:47:07,1,7,Command line profiler metrics,sm__cycles_elapsed.avg.per_second,cycle/second,"1,381,338,443.40"
269,129989,pinn,127.0.0.1,"void at::native::vectorized_elementwise_kernel<(int)4, at::native::BUnaryFunctor<float, float, float, at::native::MulFunctor<float>>, at::detail::Array<char *, (int)2>>(int, T2, T3)",2022-Sep-16 13:47:07,1,7,Command line profiler metrics,sm__cycles_elapsed.avg,cycle,"4,237.19"
269,129989,pinn,127.0.0.1,"void at::native::vectorized_elementwise_kernel<(int)4, at::native::BUnaryFunctor<float, float, float, at::native::MulFunctor<float>>, at::detail::Array<char *, (int)2>>(int, T2, T3)",2022-Sep-16 13:47:07,1,7,Command line profiler metrics,sm__cycles_elapsed.avg.per_second,cycle/second,"1,393,810,916.18"
270,129989,pinn,127.0.0.1,"void at::native::vectorized_elementwise_kernel<(int)4, at::native::BinaryFunctor<float, float, float, at::native::MulFunctor<float>>, at::detail::Array<char *, (int)3>>(int, T2, T3)",2022-Sep-16 13:47:07,1,7,Command line profiler metrics,sm__cycles_elapsed.avg,cycle,"4,665.33"
270,129989,pinn,127.0.0.1,"void at::native::vectorized_elementwise_kernel<(int)4, at::native::BinaryFunctor<float, float, float, at::native::MulFunctor<float>>, at::detail::Array<char *, (int)3>>(int, T2, T3)",2022-Sep-16 13:47:07,1,7,Command line profiler metrics,sm__cycles_elapsed.avg.per_second,cycle/second,"1,388,492,063.49"
271,129989,pinn,127.0.0.1,"void at::native::vectorized_elementwise_kernel<(int)4, at::native::BinaryFunctor<float, float, float, at::native::MulFunctor<float>>, at::detail::Array<char *, (int)3>>(int, T2, T3)",2022-Sep-16 13:47:07,1,7,Command line profiler metrics,sm__cycles_elapsed.avg,cycle,"4,406.78"
271,129989,pinn,127.0.0.1,"void at::native::vectorized_elementwise_kernel<(int)4, at::native::BinaryFunctor<float, float, float, at::native::MulFunctor<float>>, at::detail::Array<char *, (int)3>>(int, T2, T3)",2022-Sep-16 13:47:07,1,7,Command line profiler metrics,sm__cycles_elapsed.avg.per_second,cycle/second,"1,377,118,055.56"
272,129989,pinn,127.0.0.1,"void at::native::vectorized_elementwise_kernel<(int)4, at::native::CUDAFunctor_add<float>, at::detail::Array<char *, (int)3>>(int, T2, T3)",2022-Sep-16 13:47:07,1,7,Command line profiler metrics,sm__cycles_elapsed.avg,cycle,"4,522.50"
272,129989,pinn,127.0.0.1,"void at::native::vectorized_elementwise_kernel<(int)4, at::native::CUDAFunctor_add<float>, at::detail::Array<char *, (int)3>>(int, T2, T3)",2022-Sep-16 13:47:07,1,7,Command line profiler metrics,sm__cycles_elapsed.avg.per_second,cycle/second,"1,385,569,852.94"
273,129989,pinn,127.0.0.1,"void at::native::vectorized_elementwise_kernel<(int)4, at::native::CUDAFunctor_add<float>, at::detail::Array<char *, (int)3>>(int, T2, T3)",2022-Sep-16 13:47:07,1,7,Command line profiler metrics,sm__cycles_elapsed.avg,cycle,"4,602.13"
273,129989,pinn,127.0.0.1,"void at::native::vectorized_elementwise_kernel<(int)4, at::native::CUDAFunctor_add<float>, at::detail::Array<char *, (int)3>>(int, T2, T3)",2022-Sep-16 13:47:07,1,7,Command line profiler metrics,sm__cycles_elapsed.avg.per_second,cycle/second,"1,382,851,451.21"
274,129989,pinn,127.0.0.1,ampere_sgemm_32x32_sliced1x4_nt,2022-Sep-16 13:47:07,1,7,Command line profiler metrics,sm__cycles_elapsed.avg,cycle,"176,011.94"
274,129989,pinn,127.0.0.1,ampere_sgemm_32x32_sliced1x4_nt,2022-Sep-16 13:47:07,1,7,Command line profiler metrics,sm__cycles_elapsed.avg.per_second,cycle/second,"1,407,825,253.11"
275,129989,pinn,127.0.0.1,ampere_sgemm_32x128_nn,2022-Sep-16 13:47:07,1,7,Command line profiler metrics,sm__cycles_elapsed.avg,cycle,"9,036.26"
275,129989,pinn,127.0.0.1,ampere_sgemm_32x128_nn,2022-Sep-16 13:47:07,1,7,Command line profiler metrics,sm__cycles_elapsed.avg.per_second,cycle/second,"1,391,049,762.82"
276,129989,pinn,127.0.0.1,"void at::native::vectorized_elementwise_kernel<(int)4, at::native::BinaryFunctor<float, float, float, at::native::MulFunctor<float>>, at::detail::Array<char *, (int)3>>(int, T2, T3)",2022-Sep-16 13:47:07,1,7,Command line profiler metrics,sm__cycles_elapsed.avg,cycle,"4,589.72"
276,129989,pinn,127.0.0.1,"void at::native::vectorized_elementwise_kernel<(int)4, at::native::BinaryFunctor<float, float, float, at::native::MulFunctor<float>>, at::detail::Array<char *, (int)3>>(int, T2, T3)",2022-Sep-16 13:47:07,1,7,Command line profiler metrics,sm__cycles_elapsed.avg.per_second,cycle/second,"1,392,512,810.14"
277,129989,pinn,127.0.0.1,"void at::native::vectorized_elementwise_kernel<(int)4, at::native::BinaryFunctor<float, float, float, at::native::MulFunctor<float>>, at::detail::Array<char *, (int)3>>(int, T2, T3)",2022-Sep-16 13:47:07,1,7,Command line profiler metrics,sm__cycles_elapsed.avg,cycle,"4,707.76"
277,129989,pinn,127.0.0.1,"void at::native::vectorized_elementwise_kernel<(int)4, at::native::BinaryFunctor<float, float, float, at::native::MulFunctor<float>>, at::detail::Array<char *, (int)3>>(int, T2, T3)",2022-Sep-16 13:47:07,1,7,Command line profiler metrics,sm__cycles_elapsed.avg.per_second,cycle/second,"1,387,900,725.02"
278,129989,pinn,127.0.0.1,"void at::native::vectorized_elementwise_kernel<(int)4, at::native::BinaryFunctor<float, float, float, at::native::MulFunctor<float>>, at::detail::Array<char *, (int)3>>(int, T2, T3)",2022-Sep-16 13:47:07,1,7,Command line profiler metrics,sm__cycles_elapsed.avg,cycle,"4,581.89"
278,129989,pinn,127.0.0.1,"void at::native::vectorized_elementwise_kernel<(int)4, at::native::BinaryFunctor<float, float, float, at::native::MulFunctor<float>>, at::detail::Array<char *, (int)3>>(int, T2, T3)",2022-Sep-16 13:47:07,1,7,Command line profiler metrics,sm__cycles_elapsed.avg.per_second,cycle/second,"1,376,769,497.86"
279,129989,pinn,127.0.0.1,"void at::native::vectorized_elementwise_kernel<(int)4, at::native::BinaryFunctor<float, float, float, at::native::MulFunctor<float>>, at::detail::Array<char *, (int)3>>(int, T2, T3)",2022-Sep-16 13:47:07,1,7,Command line profiler metrics,sm__cycles_elapsed.avg,cycle,"4,862.76"
279,129989,pinn,127.0.0.1,"void at::native::vectorized_elementwise_kernel<(int)4, at::native::BinaryFunctor<float, float, float, at::native::MulFunctor<float>>, at::detail::Array<char *, (int)3>>(int, T2, T3)",2022-Sep-16 13:47:07,1,7,Command line profiler metrics,sm__cycles_elapsed.avg.per_second,cycle/second,"1,394,139,695.89"
280,129989,pinn,127.0.0.1,"void at::native::vectorized_elementwise_kernel<(int)4, at::native::BUnaryFunctor<float, float, float, at::native::MulFunctor<float>>, at::detail::Array<char *, (int)2>>(int, T2, T3)",2022-Sep-16 13:47:07,1,7,Command line profiler metrics,sm__cycles_elapsed.avg,cycle,"4,182.35"
280,129989,pinn,127.0.0.1,"void at::native::vectorized_elementwise_kernel<(int)4, at::native::BUnaryFunctor<float, float, float, at::native::MulFunctor<float>>, at::detail::Array<char *, (int)2>>(int, T2, T3)",2022-Sep-16 13:47:07,1,7,Command line profiler metrics,sm__cycles_elapsed.avg.per_second,cycle/second,"1,390,409,525.22"
281,129989,pinn,127.0.0.1,"void at::native::vectorized_elementwise_kernel<(int)4, at::native::CUDAFunctor_add<float>, at::detail::Array<char *, (int)3>>(int, T2, T3)",2022-Sep-16 13:47:07,1,7,Command line profiler metrics,sm__cycles_elapsed.avg,cycle,"4,724.85"
281,129989,pinn,127.0.0.1,"void at::native::vectorized_elementwise_kernel<(int)4, at::native::CUDAFunctor_add<float>, at::detail::Array<char *, (int)3>>(int, T2, T3)",2022-Sep-16 13:47:07,1,7,Command line profiler metrics,sm__cycles_elapsed.avg.per_second,cycle/second,"1,392,939,814.81"
282,129989,pinn,127.0.0.1,"void at::native::vectorized_elementwise_kernel<(int)4, at::native::tanh_backward_kernel_cuda(at::TensorIteratorBase &)::[lambda() (instance 2)]::operator ()() const::[lambda() (instance 4)]::operator ()() const::[lambda(float, float) (instance 1)], at::detail::Array<char *, (int)3>>(int, T2, T3)",2022-Sep-16 13:47:07,1,7,Command line profiler metrics,sm__cycles_elapsed.avg,cycle,"4,630.19"
282,129989,pinn,127.0.0.1,"void at::native::vectorized_elementwise_kernel<(int)4, at::native::tanh_backward_kernel_cuda(at::TensorIteratorBase &)::[lambda() (instance 2)]::operator ()() const::[lambda() (instance 4)]::operator ()() const::[lambda(float, float) (instance 1)], at::detail::Array<char *, (int)3>>(int, T2, T3)",2022-Sep-16 13:47:07,1,7,Command line profiler metrics,sm__cycles_elapsed.avg.per_second,cycle/second,"1,391,281,606.13"
283,129989,pinn,127.0.0.1,"void at::native::vectorized_elementwise_kernel<(int)4, at::native::BUnaryFunctor<float, float, float, at::native::MulFunctor<float>>, at::detail::Array<char *, (int)2>>(int, T2, T3)",2022-Sep-16 13:47:07,1,7,Command line profiler metrics,sm__cycles_elapsed.avg,cycle,"4,295.76"
283,129989,pinn,127.0.0.1,"void at::native::vectorized_elementwise_kernel<(int)4, at::native::BUnaryFunctor<float, float, float, at::native::MulFunctor<float>>, at::detail::Array<char *, (int)2>>(int, T2, T3)",2022-Sep-16 13:47:07,1,7,Command line profiler metrics,sm__cycles_elapsed.avg.per_second,cycle/second,"1,383,943,060.33"
284,129989,pinn,127.0.0.1,"void at::native::vectorized_elementwise_kernel<(int)4, at::native::BinaryFunctor<float, float, float, at::native::MulFunctor<float>>, at::detail::Array<char *, (int)3>>(int, T2, T3)",2022-Sep-16 13:47:07,1,7,Command line profiler metrics,sm__cycles_elapsed.avg,cycle,"4,860.35"
284,129989,pinn,127.0.0.1,"void at::native::vectorized_elementwise_kernel<(int)4, at::native::BinaryFunctor<float, float, float, at::native::MulFunctor<float>>, at::detail::Array<char *, (int)3>>(int, T2, T3)",2022-Sep-16 13:47:07,1,7,Command line profiler metrics,sm__cycles_elapsed.avg.per_second,cycle/second,"1,393,449,498.81"
285,129989,pinn,127.0.0.1,"void at::native::vectorized_elementwise_kernel<(int)4, at::native::BinaryFunctor<float, float, float, at::native::MulFunctor<float>>, at::detail::Array<char *, (int)3>>(int, T2, T3)",2022-Sep-16 13:47:07,1,7,Command line profiler metrics,sm__cycles_elapsed.avg,cycle,"4,623.11"
285,129989,pinn,127.0.0.1,"void at::native::vectorized_elementwise_kernel<(int)4, at::native::BinaryFunctor<float, float, float, at::native::MulFunctor<float>>, at::detail::Array<char *, (int)3>>(int, T2, T3)",2022-Sep-16 13:47:07,1,7,Command line profiler metrics,sm__cycles_elapsed.avg.per_second,cycle/second,"1,389,155,982.91"
286,129989,pinn,127.0.0.1,"void at::native::vectorized_elementwise_kernel<(int)4, at::native::CUDAFunctor_add<float>, at::detail::Array<char *, (int)3>>(int, T2, T3)",2022-Sep-16 13:47:07,1,7,Command line profiler metrics,sm__cycles_elapsed.avg,cycle,"4,736.09"
286,129989,pinn,127.0.0.1,"void at::native::vectorized_elementwise_kernel<(int)4, at::native::CUDAFunctor_add<float>, at::detail::Array<char *, (int)3>>(int, T2, T3)",2022-Sep-16 13:47:07,1,7,Command line profiler metrics,sm__cycles_elapsed.avg.per_second,cycle/second,"1,383,204,612.32"
287,129989,pinn,127.0.0.1,"void at::native::vectorized_elementwise_kernel<(int)4, at::native::CUDAFunctor_add<float>, at::detail::Array<char *, (int)3>>(int, T2, T3)",2022-Sep-16 13:47:07,1,7,Command line profiler metrics,sm__cycles_elapsed.avg,cycle,"4,619.76"
287,129989,pinn,127.0.0.1,"void at::native::vectorized_elementwise_kernel<(int)4, at::native::CUDAFunctor_add<float>, at::detail::Array<char *, (int)3>>(int, T2, T3)",2022-Sep-16 13:47:07,1,7,Command line profiler metrics,sm__cycles_elapsed.avg.per_second,cycle/second,"1,388,148,815.88"
288,129989,pinn,127.0.0.1,ampere_sgemm_32x32_sliced1x4_nt,2022-Sep-16 13:47:07,1,7,Command line profiler metrics,sm__cycles_elapsed.avg,cycle,"170,804"
288,129989,pinn,127.0.0.1,ampere_sgemm_32x32_sliced1x4_nt,2022-Sep-16 13:47:07,1,7,Command line profiler metrics,sm__cycles_elapsed.avg.per_second,cycle/second,"1,291,465,037.50"
289,129989,pinn,127.0.0.1,ampere_sgemm_32x128_nn,2022-Sep-16 13:47:07,1,7,Command line profiler metrics,sm__cycles_elapsed.avg,cycle,"8,907.19"
289,129989,pinn,127.0.0.1,ampere_sgemm_32x128_nn,2022-Sep-16 13:47:07,1,7,Command line profiler metrics,sm__cycles_elapsed.avg.per_second,cycle/second,"1,398,741,392.15"
290,129989,pinn,127.0.0.1,"void at::native::vectorized_elementwise_kernel<(int)4, at::native::BinaryFunctor<float, float, float, at::native::MulFunctor<float>>, at::detail::Array<char *, (int)3>>(int, T2, T3)",2022-Sep-16 13:47:07,1,7,Command line profiler metrics,sm__cycles_elapsed.avg,cycle,"4,618.91"
290,129989,pinn,127.0.0.1,"void at::native::vectorized_elementwise_kernel<(int)4, at::native::BinaryFunctor<float, float, float, at::native::MulFunctor<float>>, at::detail::Array<char *, (int)3>>(int, T2, T3)",2022-Sep-16 13:47:07,1,7,Command line profiler metrics,sm__cycles_elapsed.avg.per_second,cycle/second,"1,387,892,850.78"
291,129989,pinn,127.0.0.1,"void at::native::vectorized_elementwise_kernel<(int)4, at::native::BinaryFunctor<float, float, float, at::native::MulFunctor<float>>, at::detail::Array<char *, (int)3>>(int, T2, T3)",2022-Sep-16 13:47:07,1,7,Command line profiler metrics,sm__cycles_elapsed.avg,cycle,"4,609.59"
291,129989,pinn,127.0.0.1,"void at::native::vectorized_elementwise_kernel<(int)4, at::native::BinaryFunctor<float, float, float, at::native::MulFunctor<float>>, at::detail::Array<char *, (int)3>>(int, T2, T3)",2022-Sep-16 13:47:07,1,7,Command line profiler metrics,sm__cycles_elapsed.avg.per_second,cycle/second,"1,385,093,928.06"
292,129989,pinn,127.0.0.1,"void at::native::vectorized_elementwise_kernel<(int)4, at::native::BinaryFunctor<float, float, float, at::native::MulFunctor<float>>, at::detail::Array<char *, (int)3>>(int, T2, T3)",2022-Sep-16 13:47:07,1,7,Command line profiler metrics,sm__cycles_elapsed.avg,cycle,"4,547.22"
292,129989,pinn,127.0.0.1,"void at::native::vectorized_elementwise_kernel<(int)4, at::native::BinaryFunctor<float, float, float, at::native::MulFunctor<float>>, at::detail::Array<char *, (int)3>>(int, T2, T3)",2022-Sep-16 13:47:07,1,7,Command line profiler metrics,sm__cycles_elapsed.avg.per_second,cycle/second,"1,393,144,063.18"
293,129989,pinn,127.0.0.1,"void at::native::vectorized_elementwise_kernel<(int)4, at::native::BinaryFunctor<float, float, float, at::native::MulFunctor<float>>, at::detail::Array<char *, (int)3>>(int, T2, T3)",2022-Sep-16 13:47:07,1,7,Command line profiler metrics,sm__cycles_elapsed.avg,cycle,"4,677.91"
293,129989,pinn,127.0.0.1,"void at::native::vectorized_elementwise_kernel<(int)4, at::native::BinaryFunctor<float, float, float, at::native::MulFunctor<float>>, at::detail::Array<char *, (int)3>>(int, T2, T3)",2022-Sep-16 13:47:07,1,7,Command line profiler metrics,sm__cycles_elapsed.avg.per_second,cycle/second,"1,379,100,061.15"
294,129989,pinn,127.0.0.1,"void at::native::vectorized_elementwise_kernel<(int)4, at::native::BUnaryFunctor<float, float, float, at::native::MulFunctor<float>>, at::detail::Array<char *, (int)2>>(int, T2, T3)",2022-Sep-16 13:47:07,1,7,Command line profiler metrics,sm__cycles_elapsed.avg,cycle,"4,435.31"
294,129989,pinn,127.0.0.1,"void at::native::vectorized_elementwise_kernel<(int)4, at::native::BUnaryFunctor<float, float, float, at::native::MulFunctor<float>>, at::detail::Array<char *, (int)2>>(int, T2, T3)",2022-Sep-16 13:47:07,1,7,Command line profiler metrics,sm__cycles_elapsed.avg.per_second,cycle/second,"1,400,036,242.05"
295,129989,pinn,127.0.0.1,"void at::native::vectorized_elementwise_kernel<(int)4, at::native::CUDAFunctor_add<float>, at::detail::Array<char *, (int)3>>(int, T2, T3)",2022-Sep-16 13:47:07,1,7,Command line profiler metrics,sm__cycles_elapsed.avg,cycle,"4,573.94"
295,129989,pinn,127.0.0.1,"void at::native::vectorized_elementwise_kernel<(int)4, at::native::CUDAFunctor_add<float>, at::detail::Array<char *, (int)3>>(int, T2, T3)",2022-Sep-16 13:47:07,1,7,Command line profiler metrics,sm__cycles_elapsed.avg.per_second,cycle/second,"1,387,725,863.00"
296,129989,pinn,127.0.0.1,"void at::native::vectorized_elementwise_kernel<(int)4, at::native::tanh_backward_kernel_cuda(at::TensorIteratorBase &)::[lambda() (instance 2)]::operator ()() const::[lambda() (instance 4)]::operator ()() const::[lambda(float, float) (instance 1)], at::detail::Array<char *, (int)3>>(int, T2, T3)",2022-Sep-16 13:47:07,1,7,Command line profiler metrics,sm__cycles_elapsed.avg,cycle,"4,713.91"
296,129989,pinn,127.0.0.1,"void at::native::vectorized_elementwise_kernel<(int)4, at::native::tanh_backward_kernel_cuda(at::TensorIteratorBase &)::[lambda() (instance 2)]::operator ()() const::[lambda() (instance 4)]::operator ()() const::[lambda(float, float) (instance 1)], at::detail::Array<char *, (int)3>>(int, T2, T3)",2022-Sep-16 13:47:07,1,7,Command line profiler metrics,sm__cycles_elapsed.avg.per_second,cycle/second,"1,389,713,268.69"
297,129989,pinn,127.0.0.1,"void at::native::vectorized_elementwise_kernel<(int)4, at::native::BUnaryFunctor<float, float, float, at::native::MulFunctor<float>>, at::detail::Array<char *, (int)2>>(int, T2, T3)",2022-Sep-16 13:47:07,1,7,Command line profiler metrics,sm__cycles_elapsed.avg,cycle,"4,289.91"
297,129989,pinn,127.0.0.1,"void at::native::vectorized_elementwise_kernel<(int)4, at::native::BUnaryFunctor<float, float, float, at::native::MulFunctor<float>>, at::detail::Array<char *, (int)2>>(int, T2, T3)",2022-Sep-16 13:47:07,1,7,Command line profiler metrics,sm__cycles_elapsed.avg.per_second,cycle/second,"1,382,057,798.78"
298,129989,pinn,127.0.0.1,"void at::native::vectorized_elementwise_kernel<(int)4, at::native::BinaryFunctor<float, float, float, at::native::MulFunctor<float>>, at::detail::Array<char *, (int)3>>(int, T2, T3)",2022-Sep-16 13:47:07,1,7,Command line profiler metrics,sm__cycles_elapsed.avg,cycle,"4,711.93"
298,129989,pinn,127.0.0.1,"void at::native::vectorized_elementwise_kernel<(int)4, at::native::BinaryFunctor<float, float, float, at::native::MulFunctor<float>>, at::detail::Array<char *, (int)3>>(int, T2, T3)",2022-Sep-16 13:47:07,1,7,Command line profiler metrics,sm__cycles_elapsed.avg.per_second,cycle/second,"1,376,146,590.52"
299,129989,pinn,127.0.0.1,"void at::native::vectorized_elementwise_kernel<(int)4, at::native::BinaryFunctor<float, float, float, at::native::MulFunctor<float>>, at::detail::Array<char *, (int)3>>(int, T2, T3)",2022-Sep-16 13:47:08,1,7,Command line profiler metrics,sm__cycles_elapsed.avg,cycle,"4,757.22"
299,129989,pinn,127.0.0.1,"void at::native::vectorized_elementwise_kernel<(int)4, at::native::BinaryFunctor<float, float, float, at::native::MulFunctor<float>>, at::detail::Array<char *, (int)3>>(int, T2, T3)",2022-Sep-16 13:47:08,1,7,Command line profiler metrics,sm__cycles_elapsed.avg.per_second,cycle/second,"1,389,375,649.01"
300,129989,pinn,127.0.0.1,"void at::native::vectorized_elementwise_kernel<(int)4, at::native::CUDAFunctor_add<float>, at::detail::Array<char *, (int)3>>(int, T2, T3)",2022-Sep-16 13:47:08,1,7,Command line profiler metrics,sm__cycles_elapsed.avg,cycle,"4,625.22"
300,129989,pinn,127.0.0.1,"void at::native::vectorized_elementwise_kernel<(int)4, at::native::CUDAFunctor_add<float>, at::detail::Array<char *, (int)3>>(int, T2, T3)",2022-Sep-16 13:47:08,1,7,Command line profiler metrics,sm__cycles_elapsed.avg.per_second,cycle/second,"1,389,790,331.20"
301,129989,pinn,127.0.0.1,"void at::native::vectorized_elementwise_kernel<(int)4, at::native::CUDAFunctor_add<float>, at::detail::Array<char *, (int)3>>(int, T2, T3)",2022-Sep-16 13:47:08,1,7,Command line profiler metrics,sm__cycles_elapsed.avg,cycle,"4,497.37"
301,129989,pinn,127.0.0.1,"void at::native::vectorized_elementwise_kernel<(int)4, at::native::CUDAFunctor_add<float>, at::detail::Array<char *, (int)3>>(int, T2, T3)",2022-Sep-16 13:47:08,1,7,Command line profiler metrics,sm__cycles_elapsed.avg.per_second,cycle/second,"1,391,513,109.64"
302,129989,pinn,127.0.0.1,ampere_sgemm_32x32_sliced1x4_nt,2022-Sep-16 13:47:08,1,7,Command line profiler metrics,sm__cycles_elapsed.avg,cycle,"168,892.43"
302,129989,pinn,127.0.0.1,ampere_sgemm_32x32_sliced1x4_nt,2022-Sep-16 13:47:08,1,7,Command line profiler metrics,sm__cycles_elapsed.avg.per_second,cycle/second,"1,409,692,390.54"
303,129989,pinn,127.0.0.1,"void at::native::vectorized_elementwise_kernel<(int)4, at::native::FillFunctor<float>, at::detail::Array<char *, (int)1>>(int, T2, T3)",2022-Sep-16 13:47:08,1,7,Command line profiler metrics,sm__cycles_elapsed.avg,cycle,"3,189.70"
303,129989,pinn,127.0.0.1,"void at::native::vectorized_elementwise_kernel<(int)4, at::native::FillFunctor<float>, at::detail::Array<char *, (int)1>>(int, T2, T3)",2022-Sep-16 13:47:08,1,7,Command line profiler metrics,sm__cycles_elapsed.avg.per_second,cycle/second,"1,384,420,010.29"
304,129989,pinn,127.0.0.1,"void at::native::elementwise_kernel<(int)128, (int)2, void at::native::gpu_kernel_impl<at::native::<unnamed>::direct_copy_kernel_cuda(at::TensorIteratorBase &)::[lambda() (instance 2)]::operator ()() const::[lambda() (instance 8)]::operator ()() const::[lambda(float) (instance 1)]>(at::TensorIteratorBase &, const T1 &)::[lambda(int) (instance 1)]>(int, T3)",2022-Sep-16 13:47:08,1,7,Command line profiler metrics,sm__cycles_elapsed.avg,cycle,"5,440.28"
304,129989,pinn,127.0.0.1,"void at::native::elementwise_kernel<(int)128, (int)2, void at::native::gpu_kernel_impl<at::native::<unnamed>::direct_copy_kernel_cuda(at::TensorIteratorBase &)::[lambda() (instance 2)]::operator ()() const::[lambda() (instance 8)]::operator ()() const::[lambda(float) (instance 1)]>(at::TensorIteratorBase &, const T1 &)::[lambda(int) (instance 1)]>(int, T3)",2022-Sep-16 13:47:08,1,7,Command line profiler metrics,sm__cycles_elapsed.avg.per_second,cycle/second,"1,393,513,775.05"
305,129989,pinn,127.0.0.1,ampere_sgemm_32x32_sliced1x4_nt,2022-Sep-16 13:47:08,1,7,Command line profiler metrics,sm__cycles_elapsed.avg,cycle,"169,938.69"
305,129989,pinn,127.0.0.1,ampere_sgemm_32x32_sliced1x4_nt,2022-Sep-16 13:47:08,1,7,Command line profiler metrics,sm__cycles_elapsed.avg.per_second,cycle/second,"1,409,390,634.83"
306,129989,pinn,127.0.0.1,ampere_sgemm_32x128_tn,2022-Sep-16 13:47:08,1,7,Command line profiler metrics,sm__cycles_elapsed.avg,cycle,"7,491.87"
306,129989,pinn,127.0.0.1,ampere_sgemm_32x128_tn,2022-Sep-16 13:47:08,1,7,Command line profiler metrics,sm__cycles_elapsed.avg.per_second,cycle/second,"1,401,921,850.74"
307,129989,pinn,127.0.0.1,"void at::native::vectorized_elementwise_kernel<(int)4, at::native::CUDAFunctor_add<float>, at::detail::Array<char *, (int)3>>(int, T2, T3)",2022-Sep-16 13:47:08,1,7,Command line profiler metrics,sm__cycles_elapsed.avg,cycle,"3,530.11"
307,129989,pinn,127.0.0.1,"void at::native::vectorized_elementwise_kernel<(int)4, at::native::CUDAFunctor_add<float>, at::detail::Array<char *, (int)3>>(int, T2, T3)",2022-Sep-16 13:47:08,1,7,Command line profiler metrics,sm__cycles_elapsed.avg.per_second,cycle/second,"1,378,949,652.78"
308,129989,pinn,127.0.0.1,"void at::native::vectorized_elementwise_kernel<(int)4, at::native::tanh_backward_kernel_cuda(at::TensorIteratorBase &)::[lambda() (instance 2)]::operator ()() const::[lambda() (instance 4)]::operator ()() const::[lambda(float, float) (instance 1)], at::detail::Array<char *, (int)3>>(int, T2, T3)",2022-Sep-16 13:47:08,1,7,Command line profiler metrics,sm__cycles_elapsed.avg,cycle,"4,688.04"
308,129989,pinn,127.0.0.1,"void at::native::vectorized_elementwise_kernel<(int)4, at::native::tanh_backward_kernel_cuda(at::TensorIteratorBase &)::[lambda() (instance 2)]::operator ()() const::[lambda() (instance 4)]::operator ()() const::[lambda(float, float) (instance 1)], at::detail::Array<char *, (int)3>>(int, T2, T3)",2022-Sep-16 13:47:08,1,7,Command line profiler metrics,sm__cycles_elapsed.avg.per_second,cycle/second,"1,382,086,390.64"
309,129989,pinn,127.0.0.1,"void at::native::vectorized_elementwise_kernel<(int)4, at::native::BUnaryFunctor<float, float, float, at::native::MulFunctor<float>>, at::detail::Array<char *, (int)2>>(int, T2, T3)",2022-Sep-16 13:47:08,1,7,Command line profiler metrics,sm__cycles_elapsed.avg,cycle,"4,166.20"
309,129989,pinn,127.0.0.1,"void at::native::vectorized_elementwise_kernel<(int)4, at::native::BUnaryFunctor<float, float, float, at::native::MulFunctor<float>>, at::detail::Array<char *, (int)2>>(int, T2, T3)",2022-Sep-16 13:47:08,1,7,Command line profiler metrics,sm__cycles_elapsed.avg.per_second,cycle/second,"1,385,041,124.90"
310,129989,pinn,127.0.0.1,"void at::native::vectorized_elementwise_kernel<(int)4, at::native::BinaryFunctor<float, float, float, at::native::MulFunctor<float>>, at::detail::Array<char *, (int)3>>(int, T2, T3)",2022-Sep-16 13:47:08,1,7,Command line profiler metrics,sm__cycles_elapsed.avg,cycle,"4,596.54"
310,129989,pinn,127.0.0.1,"void at::native::vectorized_elementwise_kernel<(int)4, at::native::BinaryFunctor<float, float, float, at::native::MulFunctor<float>>, at::detail::Array<char *, (int)3>>(int, T2, T3)",2022-Sep-16 13:47:08,1,7,Command line profiler metrics,sm__cycles_elapsed.avg.per_second,cycle/second,"1,394,580,411.72"
311,129989,pinn,127.0.0.1,"void at::native::vectorized_elementwise_kernel<(int)4, at::native::BinaryFunctor<float, float, float, at::native::MulFunctor<float>>, at::detail::Array<char *, (int)3>>(int, T2, T3)",2022-Sep-16 13:47:08,1,7,Command line profiler metrics,sm__cycles_elapsed.avg,cycle,"4,596.63"
311,129989,pinn,127.0.0.1,"void at::native::vectorized_elementwise_kernel<(int)4, at::native::BinaryFunctor<float, float, float, at::native::MulFunctor<float>>, at::detail::Array<char *, (int)3>>(int, T2, T3)",2022-Sep-16 13:47:08,1,7,Command line profiler metrics,sm__cycles_elapsed.avg.per_second,cycle/second,"1,394,608,504.14"
312,129989,pinn,127.0.0.1,"void at::native::vectorized_elementwise_kernel<(int)4, at::native::CUDAFunctor_add<float>, at::detail::Array<char *, (int)3>>(int, T2, T3)",2022-Sep-16 13:47:08,1,7,Command line profiler metrics,sm__cycles_elapsed.avg,cycle,"4,759.94"
312,129989,pinn,127.0.0.1,"void at::native::vectorized_elementwise_kernel<(int)4, at::native::CUDAFunctor_add<float>, at::detail::Array<char *, (int)3>>(int, T2, T3)",2022-Sep-16 13:47:08,1,7,Command line profiler metrics,sm__cycles_elapsed.avg.per_second,cycle/second,"1,390,170,690.55"
313,129989,pinn,127.0.0.1,ampere_sgemm_32x32_sliced1x4_nt,2022-Sep-16 13:47:08,1,7,Command line profiler metrics,sm__cycles_elapsed.avg,cycle,"174,580.57"
313,129989,pinn,127.0.0.1,ampere_sgemm_32x32_sliced1x4_nt,2022-Sep-16 13:47:08,1,7,Command line profiler metrics,sm__cycles_elapsed.avg.per_second,cycle/second,"1,407,907,855.44"
314,129989,pinn,127.0.0.1,ampere_sgemm_32x128_tn,2022-Sep-16 13:47:08,1,7,Command line profiler metrics,sm__cycles_elapsed.avg,cycle,"8,909.28"
314,129989,pinn,127.0.0.1,ampere_sgemm_32x128_tn,2022-Sep-16 13:47:08,1,7,Command line profiler metrics,sm__cycles_elapsed.avg.per_second,cycle/second,"1,392,074,652.78"
315,129989,pinn,127.0.0.1,"void at::native::vectorized_elementwise_kernel<(int)4, at::native::CUDAFunctor_add<float>, at::detail::Array<char *, (int)3>>(int, T2, T3)",2022-Sep-16 13:47:08,1,7,Command line profiler metrics,sm__cycles_elapsed.avg,cycle,"3,546.15"
315,129989,pinn,127.0.0.1,"void at::native::vectorized_elementwise_kernel<(int)4, at::native::CUDAFunctor_add<float>, at::detail::Array<char *, (int)3>>(int, T2, T3)",2022-Sep-16 13:47:08,1,7,Command line profiler metrics,sm__cycles_elapsed.avg.per_second,cycle/second,"1,385,214,120.37"
316,129989,pinn,127.0.0.1,"void at::native::vectorized_elementwise_kernel<(int)4, at::native::tanh_backward_kernel_cuda(at::TensorIteratorBase &)::[lambda() (instance 2)]::operator ()() const::[lambda() (instance 4)]::operator ()() const::[lambda(float, float) (instance 1)], at::detail::Array<char *, (int)3>>(int, T2, T3)",2022-Sep-16 13:47:08,1,7,Command line profiler metrics,sm__cycles_elapsed.avg,cycle,"4,615.07"
316,129989,pinn,127.0.0.1,"void at::native::vectorized_elementwise_kernel<(int)4, at::native::tanh_backward_kernel_cuda(at::TensorIteratorBase &)::[lambda() (instance 2)]::operator ()() const::[lambda() (instance 4)]::operator ()() const::[lambda(float, float) (instance 1)], at::detail::Array<char *, (int)3>>(int, T2, T3)",2022-Sep-16 13:47:08,1,7,Command line profiler metrics,sm__cycles_elapsed.avg.per_second,cycle/second,"1,386,741,007.83"
317,129989,pinn,127.0.0.1,"void at::native::vectorized_elementwise_kernel<(int)4, at::native::BUnaryFunctor<float, float, float, at::native::MulFunctor<float>>, at::detail::Array<char *, (int)2>>(int, T2, T3)",2022-Sep-16 13:47:08,1,7,Command line profiler metrics,sm__cycles_elapsed.avg,cycle,"4,278.46"
317,129989,pinn,127.0.0.1,"void at::native::vectorized_elementwise_kernel<(int)4, at::native::BUnaryFunctor<float, float, float, at::native::MulFunctor<float>>, at::detail::Array<char *, (int)2>>(int, T2, T3)",2022-Sep-16 13:47:08,1,7,Command line profiler metrics,sm__cycles_elapsed.avg.per_second,cycle/second,"1,392,728,829.09"
318,129989,pinn,127.0.0.1,"void at::native::vectorized_elementwise_kernel<(int)4, at::native::BinaryFunctor<float, float, float, at::native::MulFunctor<float>>, at::detail::Array<char *, (int)3>>(int, T2, T3)",2022-Sep-16 13:47:08,1,7,Command line profiler metrics,sm__cycles_elapsed.avg,cycle,"4,691.39"
318,129989,pinn,127.0.0.1,"void at::native::vectorized_elementwise_kernel<(int)4, at::native::BinaryFunctor<float, float, float, at::native::MulFunctor<float>>, at::detail::Array<char *, (int)3>>(int, T2, T3)",2022-Sep-16 13:47:08,1,7,Command line profiler metrics,sm__cycles_elapsed.avg.per_second,cycle/second,"1,383,074,554.51"
319,129989,pinn,127.0.0.1,"void at::native::vectorized_elementwise_kernel<(int)4, at::native::BinaryFunctor<float, float, float, at::native::MulFunctor<float>>, at::detail::Array<char *, (int)3>>(int, T2, T3)",2022-Sep-16 13:47:08,1,7,Command line profiler metrics,sm__cycles_elapsed.avg,cycle,"4,815.35"
319,129989,pinn,127.0.0.1,"void at::native::vectorized_elementwise_kernel<(int)4, at::native::BinaryFunctor<float, float, float, at::native::MulFunctor<float>>, at::detail::Array<char *, (int)3>>(int, T2, T3)",2022-Sep-16 13:47:08,1,7,Command line profiler metrics,sm__cycles_elapsed.avg.per_second,cycle/second,"1,380,548,122.66"
320,129989,pinn,127.0.0.1,"void at::native::vectorized_elementwise_kernel<(int)4, at::native::CUDAFunctor_add<float>, at::detail::Array<char *, (int)3>>(int, T2, T3)",2022-Sep-16 13:47:08,1,7,Command line profiler metrics,sm__cycles_elapsed.avg,cycle,"4,707.50"
320,129989,pinn,127.0.0.1,"void at::native::vectorized_elementwise_kernel<(int)4, at::native::CUDAFunctor_add<float>, at::detail::Array<char *, (int)3>>(int, T2, T3)",2022-Sep-16 13:47:08,1,7,Command line profiler metrics,sm__cycles_elapsed.avg.per_second,cycle/second,"1,387,824,292.45"
321,129989,pinn,127.0.0.1,ampere_sgemm_32x32_sliced1x4_nt,2022-Sep-16 13:47:08,1,7,Command line profiler metrics,sm__cycles_elapsed.avg,cycle,"177,523.13"
321,129989,pinn,127.0.0.1,ampere_sgemm_32x32_sliced1x4_nt,2022-Sep-16 13:47:08,1,7,Command line profiler metrics,sm__cycles_elapsed.avg.per_second,cycle/second,"1,409,808,843.95"
322,129989,pinn,127.0.0.1,ampere_sgemm_32x128_tn,2022-Sep-16 13:47:08,1,7,Command line profiler metrics,sm__cycles_elapsed.avg,cycle,"8,947.19"
322,129989,pinn,127.0.0.1,ampere_sgemm_32x128_tn,2022-Sep-16 13:47:08,1,7,Command line profiler metrics,sm__cycles_elapsed.avg.per_second,cycle/second,"1,391,042,472.82"
323,129989,pinn,127.0.0.1,"void at::native::vectorized_elementwise_kernel<(int)4, at::native::CUDAFunctor_add<float>, at::detail::Array<char *, (int)3>>(int, T2, T3)",2022-Sep-16 13:47:08,1,7,Command line profiler metrics,sm__cycles_elapsed.avg,cycle,"3,500.41"
323,129989,pinn,127.0.0.1,"void at::native::vectorized_elementwise_kernel<(int)4, at::native::CUDAFunctor_add<float>, at::detail::Array<char *, (int)3>>(int, T2, T3)",2022-Sep-16 13:47:08,1,7,Command line profiler metrics,sm__cycles_elapsed.avg.per_second,cycle/second,"1,384,654,828.88"
324,129989,pinn,127.0.0.1,"void at::native::vectorized_elementwise_kernel<(int)4, at::native::tanh_backward_kernel_cuda(at::TensorIteratorBase &)::[lambda() (instance 2)]::operator ()() const::[lambda() (instance 4)]::operator ()() const::[lambda(float, float) (instance 1)], at::detail::Array<char *, (int)3>>(int, T2, T3)",2022-Sep-16 13:47:08,1,7,Command line profiler metrics,sm__cycles_elapsed.avg,cycle,"4,728.20"
324,129989,pinn,127.0.0.1,"void at::native::vectorized_elementwise_kernel<(int)4, at::native::tanh_backward_kernel_cuda(at::TensorIteratorBase &)::[lambda() (instance 2)]::operator ()() const::[lambda() (instance 4)]::operator ()() const::[lambda(float, float) (instance 1)], at::detail::Array<char *, (int)3>>(int, T2, T3)",2022-Sep-16 13:47:08,1,7,Command line profiler metrics,sm__cycles_elapsed.avg.per_second,cycle/second,"1,380,900,614.40"
325,129989,pinn,127.0.0.1,"void at::native::vectorized_elementwise_kernel<(int)4, at::native::BUnaryFunctor<float, float, float, at::native::MulFunctor<float>>, at::detail::Array<char *, (int)2>>(int, T2, T3)",2022-Sep-16 13:47:08,1,7,Command line profiler metrics,sm__cycles_elapsed.avg,cycle,"4,227.63"
325,129989,pinn,127.0.0.1,"void at::native::vectorized_elementwise_kernel<(int)4, at::native::BUnaryFunctor<float, float, float, at::native::MulFunctor<float>>, at::detail::Array<char *, (int)2>>(int, T2, T3)",2022-Sep-16 13:47:08,1,7,Command line profiler metrics,sm__cycles_elapsed.avg.per_second,cycle/second,"1,390,667,641.33"
326,129989,pinn,127.0.0.1,"void at::native::vectorized_elementwise_kernel<(int)4, at::native::BinaryFunctor<float, float, float, at::native::MulFunctor<float>>, at::detail::Array<char *, (int)3>>(int, T2, T3)",2022-Sep-16 13:47:08,1,7,Command line profiler metrics,sm__cycles_elapsed.avg,cycle,"4,829.20"
326,129989,pinn,127.0.0.1,"void at::native::vectorized_elementwise_kernel<(int)4, at::native::BinaryFunctor<float, float, float, at::native::MulFunctor<float>>, at::detail::Array<char *, (int)3>>(int, T2, T3)",2022-Sep-16 13:47:08,1,7,Command line profiler metrics,sm__cycles_elapsed.avg.per_second,cycle/second,"1,384,519,410.47"
327,129989,pinn,127.0.0.1,"void at::native::vectorized_elementwise_kernel<(int)4, at::native::BinaryFunctor<float, float, float, at::native::MulFunctor<float>>, at::detail::Array<char *, (int)3>>(int, T2, T3)",2022-Sep-16 13:47:08,1,7,Command line profiler metrics,sm__cycles_elapsed.avg,cycle,"4,701.61"
327,129989,pinn,127.0.0.1,"void at::native::vectorized_elementwise_kernel<(int)4, at::native::BinaryFunctor<float, float, float, at::native::MulFunctor<float>>, at::detail::Array<char *, (int)3>>(int, T2, T3)",2022-Sep-16 13:47:08,1,7,Command line profiler metrics,sm__cycles_elapsed.avg.per_second,cycle/second,"1,386,088,181.34"
328,129989,pinn,127.0.0.1,"void at::native::vectorized_elementwise_kernel<(int)4, at::native::CUDAFunctor_add<float>, at::detail::Array<char *, (int)3>>(int, T2, T3)",2022-Sep-16 13:47:08,1,7,Command line profiler metrics,sm__cycles_elapsed.avg,cycle,"4,606.91"
328,129989,pinn,127.0.0.1,"void at::native::vectorized_elementwise_kernel<(int)4, at::native::CUDAFunctor_add<float>, at::detail::Array<char *, (int)3>>(int, T2, T3)",2022-Sep-16 13:47:08,1,7,Command line profiler metrics,sm__cycles_elapsed.avg.per_second,cycle/second,"1,384,287,081.55"
329,129989,pinn,127.0.0.1,ampere_sgemm_32x32_sliced1x4_nt,2022-Sep-16 13:47:08,1,7,Command line profiler metrics,sm__cycles_elapsed.avg,cycle,"175,579.17"
329,129989,pinn,127.0.0.1,ampere_sgemm_32x32_sliced1x4_nt,2022-Sep-16 13:47:08,1,7,Command line profiler metrics,sm__cycles_elapsed.avg.per_second,cycle/second,"1,409,414,065.84"
330,129989,pinn,127.0.0.1,ampere_sgemm_32x128_tn,2022-Sep-16 13:47:08,1,7,Command line profiler metrics,sm__cycles_elapsed.avg,cycle,"8,904.24"
330,129989,pinn,127.0.0.1,ampere_sgemm_32x128_tn,2022-Sep-16 13:47:08,1,7,Command line profiler metrics,sm__cycles_elapsed.avg.per_second,cycle/second,"1,398,279,010.79"
331,129989,pinn,127.0.0.1,"void at::native::vectorized_elementwise_kernel<(int)4, at::native::CUDAFunctor_add<float>, at::detail::Array<char *, (int)3>>(int, T2, T3)",2022-Sep-16 13:47:08,1,7,Command line profiler metrics,sm__cycles_elapsed.avg,cycle,"3,642.72"
331,129989,pinn,127.0.0.1,"void at::native::vectorized_elementwise_kernel<(int)4, at::native::CUDAFunctor_add<float>, at::detail::Array<char *, (int)3>>(int, T2, T3)",2022-Sep-16 13:47:08,1,7,Command line profiler metrics,sm__cycles_elapsed.avg.per_second,cycle/second,"1,388,232,554.20"
332,129989,pinn,127.0.0.1,"void at::native::vectorized_elementwise_kernel<(int)4, at::native::tanh_backward_kernel_cuda(at::TensorIteratorBase &)::[lambda() (instance 2)]::operator ()() const::[lambda() (instance 4)]::operator ()() const::[lambda(float, float) (instance 1)], at::detail::Array<char *, (int)3>>(int, T2, T3)",2022-Sep-16 13:47:08,1,7,Command line profiler metrics,sm__cycles_elapsed.avg,cycle,"4,719.19"
332,129989,pinn,127.0.0.1,"void at::native::vectorized_elementwise_kernel<(int)4, at::native::tanh_backward_kernel_cuda(at::TensorIteratorBase &)::[lambda() (instance 2)]::operator ()() const::[lambda() (instance 4)]::operator ()() const::[lambda(float, float) (instance 1)], at::detail::Array<char *, (int)3>>(int, T2, T3)",2022-Sep-16 13:47:08,1,7,Command line profiler metrics,sm__cycles_elapsed.avg.per_second,cycle/second,"1,391,269,217.33"
333,129989,pinn,127.0.0.1,"void at::native::vectorized_elementwise_kernel<(int)4, at::native::BUnaryFunctor<float, float, float, at::native::MulFunctor<float>>, at::detail::Array<char *, (int)2>>(int, T2, T3)",2022-Sep-16 13:47:08,1,7,Command line profiler metrics,sm__cycles_elapsed.avg,cycle,"4,276.22"
333,129989,pinn,127.0.0.1,"void at::native::vectorized_elementwise_kernel<(int)4, at::native::BUnaryFunctor<float, float, float, at::native::MulFunctor<float>>, at::detail::Array<char *, (int)2>>(int, T2, T3)",2022-Sep-16 13:47:08,1,7,Command line profiler metrics,sm__cycles_elapsed.avg.per_second,cycle/second,"1,391,999,421.30"
334,129989,pinn,127.0.0.1,"void at::native::vectorized_elementwise_kernel<(int)4, at::native::BinaryFunctor<float, float, float, at::native::MulFunctor<float>>, at::detail::Array<char *, (int)3>>(int, T2, T3)",2022-Sep-16 13:47:08,1,7,Command line profiler metrics,sm__cycles_elapsed.avg,cycle,"4,649.07"
334,129989,pinn,127.0.0.1,"void at::native::vectorized_elementwise_kernel<(int)4, at::native::BinaryFunctor<float, float, float, at::native::MulFunctor<float>>, at::detail::Array<char *, (int)3>>(int, T2, T3)",2022-Sep-16 13:47:08,1,7,Command line profiler metrics,sm__cycles_elapsed.avg.per_second,cycle/second,"1,383,652,998.24"
335,129989,pinn,127.0.0.1,"void at::native::vectorized_elementwise_kernel<(int)4, at::native::BinaryFunctor<float, float, float, at::native::MulFunctor<float>>, at::detail::Array<char *, (int)3>>(int, T2, T3)",2022-Sep-16 13:47:08,1,7,Command line profiler metrics,sm__cycles_elapsed.avg,cycle,"4,954.24"
335,129989,pinn,127.0.0.1,"void at::native::vectorized_elementwise_kernel<(int)4, at::native::BinaryFunctor<float, float, float, at::native::MulFunctor<float>>, at::detail::Array<char *, (int)3>>(int, T2, T3)",2022-Sep-16 13:47:08,1,7,Command line profiler metrics,sm__cycles_elapsed.avg.per_second,cycle/second,"1,394,774,983.32"
336,129989,pinn,127.0.0.1,"void at::native::vectorized_elementwise_kernel<(int)4, at::native::CUDAFunctor_add<float>, at::detail::Array<char *, (int)3>>(int, T2, T3)",2022-Sep-16 13:47:08,1,7,Command line profiler metrics,sm__cycles_elapsed.avg,cycle,"4,302.63"
336,129989,pinn,127.0.0.1,"void at::native::vectorized_elementwise_kernel<(int)4, at::native::CUDAFunctor_add<float>, at::detail::Array<char *, (int)3>>(int, T2, T3)",2022-Sep-16 13:47:08,1,7,Command line profiler metrics,sm__cycles_elapsed.avg.per_second,cycle/second,"1,042,303,689.35"
337,129989,pinn,127.0.0.1,ampere_sgemm_32x32_sliced1x4_nt,2022-Sep-16 13:47:08,1,7,Command line profiler metrics,sm__cycles_elapsed.avg,cycle,"173,961.41"
337,129989,pinn,127.0.0.1,ampere_sgemm_32x32_sliced1x4_nt,2022-Sep-16 13:47:08,1,7,Command line profiler metrics,sm__cycles_elapsed.avg.per_second,cycle/second,"1,409,461,753.04"
338,129989,pinn,127.0.0.1,ampere_sgemm_32x128_tn,2022-Sep-16 13:47:08,1,7,Command line profiler metrics,sm__cycles_elapsed.avg,cycle,"8,725.91"
338,129989,pinn,127.0.0.1,ampere_sgemm_32x128_tn,2022-Sep-16 13:47:08,1,7,Command line profiler metrics,sm__cycles_elapsed.avg.per_second,cycle/second,"1,391,247,992.25"
339,129989,pinn,127.0.0.1,"void at::native::vectorized_elementwise_kernel<(int)4, at::native::CUDAFunctor_add<float>, at::detail::Array<char *, (int)3>>(int, T2, T3)",2022-Sep-16 13:47:08,1,7,Command line profiler metrics,sm__cycles_elapsed.avg,cycle,"3,597.83"
339,129989,pinn,127.0.0.1,"void at::native::vectorized_elementwise_kernel<(int)4, at::native::CUDAFunctor_add<float>, at::detail::Array<char *, (int)3>>(int, T2, T3)",2022-Sep-16 13:47:08,1,7,Command line profiler metrics,sm__cycles_elapsed.avg.per_second,cycle/second,"1,388,052,983.54"
340,129989,pinn,127.0.0.1,"void at::native::vectorized_elementwise_kernel<(int)4, at::native::tanh_backward_kernel_cuda(at::TensorIteratorBase &)::[lambda() (instance 2)]::operator ()() const::[lambda() (instance 4)]::operator ()() const::[lambda(float, float) (instance 1)], at::detail::Array<char *, (int)3>>(int, T2, T3)",2022-Sep-16 13:47:08,1,7,Command line profiler metrics,sm__cycles_elapsed.avg,cycle,"4,869.52"
340,129989,pinn,127.0.0.1,"void at::native::vectorized_elementwise_kernel<(int)4, at::native::tanh_backward_kernel_cuda(at::TensorIteratorBase &)::[lambda() (instance 2)]::operator ()() const::[lambda() (instance 4)]::operator ()() const::[lambda(float, float) (instance 1)], at::detail::Array<char *, (int)3>>(int, T2, T3)",2022-Sep-16 13:47:08,1,7,Command line profiler metrics,sm__cycles_elapsed.avg.per_second,cycle/second,"1,396,077,556.91"
341,129989,pinn,127.0.0.1,"void at::native::vectorized_elementwise_kernel<(int)4, at::native::BUnaryFunctor<float, float, float, at::native::MulFunctor<float>>, at::detail::Array<char *, (int)2>>(int, T2, T3)",2022-Sep-16 13:47:08,1,7,Command line profiler metrics,sm__cycles_elapsed.avg,cycle,"4,254.63"
341,129989,pinn,127.0.0.1,"void at::native::vectorized_elementwise_kernel<(int)4, at::native::BUnaryFunctor<float, float, float, at::native::MulFunctor<float>>, at::detail::Array<char *, (int)2>>(int, T2, T3)",2022-Sep-16 13:47:08,1,7,Command line profiler metrics,sm__cycles_elapsed.avg.per_second,cycle/second,"1,384,970,582.56"
342,129989,pinn,127.0.0.1,"void at::native::vectorized_elementwise_kernel<(int)4, at::native::BinaryFunctor<float, float, float, at::native::MulFunctor<float>>, at::detail::Array<char *, (int)3>>(int, T2, T3)",2022-Sep-16 13:47:08,1,7,Command line profiler metrics,sm__cycles_elapsed.avg,cycle,"4,598.26"
342,129989,pinn,127.0.0.1,"void at::native::vectorized_elementwise_kernel<(int)4, at::native::BinaryFunctor<float, float, float, at::native::MulFunctor<float>>, at::detail::Array<char *, (int)3>>(int, T2, T3)",2022-Sep-16 13:47:08,1,7,Command line profiler metrics,sm__cycles_elapsed.avg.per_second,cycle/second,"1,395,102,930.60"
343,129989,pinn,127.0.0.1,"void at::native::vectorized_elementwise_kernel<(int)4, at::native::BinaryFunctor<float, float, float, at::native::MulFunctor<float>>, at::detail::Array<char *, (int)3>>(int, T2, T3)",2022-Sep-16 13:47:08,1,7,Command line profiler metrics,sm__cycles_elapsed.avg,cycle,"4,446.78"
343,129989,pinn,127.0.0.1,"void at::native::vectorized_elementwise_kernel<(int)4, at::native::BinaryFunctor<float, float, float, at::native::MulFunctor<float>>, at::detail::Array<char *, (int)3>>(int, T2, T3)",2022-Sep-16 13:47:08,1,7,Command line profiler metrics,sm__cycles_elapsed.avg.per_second,cycle/second,"1,389,618,055.56"
344,129989,pinn,127.0.0.1,"void at::native::vectorized_elementwise_kernel<(int)4, at::native::CUDAFunctor_add<float>, at::detail::Array<char *, (int)3>>(int, T2, T3)",2022-Sep-16 13:47:08,1,7,Command line profiler metrics,sm__cycles_elapsed.avg,cycle,"4,503.48"
344,129989,pinn,127.0.0.1,"void at::native::vectorized_elementwise_kernel<(int)4, at::native::CUDAFunctor_add<float>, at::detail::Array<char *, (int)3>>(int, T2, T3)",2022-Sep-16 13:47:08,1,7,Command line profiler metrics,sm__cycles_elapsed.avg.per_second,cycle/second,"1,393,403,923.73"
345,129989,pinn,127.0.0.1,"void at::native::vectorized_elementwise_kernel<(int)4, at::native::BinaryFunctor<float, float, float, at::native::MulFunctor<float>>, at::detail::Array<char *, (int)3>>(int, T2, T3)",2022-Sep-16 13:47:08,1,7,Command line profiler metrics,sm__cycles_elapsed.avg,cycle,"4,612.22"
345,129989,pinn,127.0.0.1,"void at::native::vectorized_elementwise_kernel<(int)4, at::native::BinaryFunctor<float, float, float, at::native::MulFunctor<float>>, at::detail::Array<char *, (int)3>>(int, T2, T3)",2022-Sep-16 13:47:08,1,7,Command line profiler metrics,sm__cycles_elapsed.avg.per_second,cycle/second,"1,385,884,081.20"
346,129989,pinn,127.0.0.1,"void at::native::vectorized_elementwise_kernel<(int)4, at::native::BinaryFunctor<float, float, float, at::native::MulFunctor<float>>, at::detail::Array<char *, (int)3>>(int, T2, T3)",2022-Sep-16 13:47:08,1,7,Command line profiler metrics,sm__cycles_elapsed.avg,cycle,"4,595.67"
346,129989,pinn,127.0.0.1,"void at::native::vectorized_elementwise_kernel<(int)4, at::native::BinaryFunctor<float, float, float, at::native::MulFunctor<float>>, at::detail::Array<char *, (int)3>>(int, T2, T3)",2022-Sep-16 13:47:08,1,7,Command line profiler metrics,sm__cycles_elapsed.avg.per_second,cycle/second,"1,380,909,455.13"
347,129989,pinn,127.0.0.1,"void at::native::vectorized_elementwise_kernel<(int)4, at::native::BinaryFunctor<float, float, float, at::native::MulFunctor<float>>, at::detail::Array<char *, (int)3>>(int, T2, T3)",2022-Sep-16 13:47:08,1,7,Command line profiler metrics,sm__cycles_elapsed.avg,cycle,"4,713.78"
347,129989,pinn,127.0.0.1,"void at::native::vectorized_elementwise_kernel<(int)4, at::native::BinaryFunctor<float, float, float, at::native::MulFunctor<float>>, at::detail::Array<char *, (int)3>>(int, T2, T3)",2022-Sep-16 13:47:08,1,7,Command line profiler metrics,sm__cycles_elapsed.avg.per_second,cycle/second,"1,389,675,052.41"
348,129989,pinn,127.0.0.1,"void at::native::vectorized_elementwise_kernel<(int)4, at::native::BinaryFunctor<float, float, float, at::native::MulFunctor<float>>, at::detail::Array<char *, (int)3>>(int, T2, T3)",2022-Sep-16 13:47:08,1,7,Command line profiler metrics,sm__cycles_elapsed.avg,cycle,"4,418"
348,129989,pinn,127.0.0.1,"void at::native::vectorized_elementwise_kernel<(int)4, at::native::BinaryFunctor<float, float, float, at::native::MulFunctor<float>>, at::detail::Array<char *, (int)3>>(int, T2, T3)",2022-Sep-16 13:47:08,1,7,Command line profiler metrics,sm__cycles_elapsed.avg.per_second,cycle/second,"1,380,625,000"
349,129989,pinn,127.0.0.1,"void at::native::vectorized_elementwise_kernel<(int)4, at::native::CUDAFunctor_add<float>, at::detail::Array<char *, (int)3>>(int, T2, T3)",2022-Sep-16 13:47:08,1,7,Command line profiler metrics,sm__cycles_elapsed.avg,cycle,"4,622.76"
349,129989,pinn,127.0.0.1,"void at::native::vectorized_elementwise_kernel<(int)4, at::native::CUDAFunctor_add<float>, at::detail::Array<char *, (int)3>>(int, T2, T3)",2022-Sep-16 13:47:08,1,7,Command line profiler metrics,sm__cycles_elapsed.avg.per_second,cycle/second,"1,389,050,258.19"
350,129989,pinn,127.0.0.1,"void at::native::vectorized_elementwise_kernel<(int)4, at::native::BUnaryFunctor<float, float, float, at::native::MulFunctor<float>>, at::detail::Array<char *, (int)2>>(int, T2, T3)",2022-Sep-16 13:47:08,1,7,Command line profiler metrics,sm__cycles_elapsed.avg,cycle,"4,315.20"
350,129989,pinn,127.0.0.1,"void at::native::vectorized_elementwise_kernel<(int)4, at::native::BUnaryFunctor<float, float, float, at::native::MulFunctor<float>>, at::detail::Array<char *, (int)2>>(int, T2, T3)",2022-Sep-16 13:47:08,1,7,Command line profiler metrics,sm__cycles_elapsed.avg.per_second,cycle/second,"1,390,207,378.77"
351,129989,pinn,127.0.0.1,"void at::native::vectorized_elementwise_kernel<(int)4, at::native::CUDAFunctor_add<float>, at::detail::Array<char *, (int)3>>(int, T2, T3)",2022-Sep-16 13:47:08,1,7,Command line profiler metrics,sm__cycles_elapsed.avg,cycle,"4,715.09"
351,129989,pinn,127.0.0.1,"void at::native::vectorized_elementwise_kernel<(int)4, at::native::CUDAFunctor_add<float>, at::detail::Array<char *, (int)3>>(int, T2, T3)",2022-Sep-16 13:47:08,1,7,Command line profiler metrics,sm__cycles_elapsed.avg.per_second,cycle/second,"1,390,062,674.70"
352,129989,pinn,127.0.0.1,ampere_sgemm_32x32_sliced1x4_nt,2022-Sep-16 13:47:08,1,7,Command line profiler metrics,sm__cycles_elapsed.avg,cycle,"176,645.30"
352,129989,pinn,127.0.0.1,ampere_sgemm_32x32_sliced1x4_nt,2022-Sep-16 13:47:08,1,7,Command line profiler metrics,sm__cycles_elapsed.avg.per_second,cycle/second,"1,407,846,342.58"
353,129989,pinn,127.0.0.1,ampere_sgemm_32x128_nn,2022-Sep-16 13:47:08,1,7,Command line profiler metrics,sm__cycles_elapsed.avg,cycle,"9,214"
353,129989,pinn,127.0.0.1,ampere_sgemm_32x128_nn,2022-Sep-16 13:47:08,1,7,Command line profiler metrics,sm__cycles_elapsed.avg.per_second,cycle/second,"1,397,754,854.37"
354,129989,pinn,127.0.0.1,"void at::native::vectorized_elementwise_kernel<(int)4, at::native::CUDAFunctor_add<float>, at::detail::Array<char *, (int)3>>(int, T2, T3)",2022-Sep-16 13:47:08,1,7,Command line profiler metrics,sm__cycles_elapsed.avg,cycle,"3,848.30"
354,129989,pinn,127.0.0.1,"void at::native::vectorized_elementwise_kernel<(int)4, at::native::CUDAFunctor_add<float>, at::detail::Array<char *, (int)3>>(int, T2, T3)",2022-Sep-16 13:47:08,1,7,Command line profiler metrics,sm__cycles_elapsed.avg.per_second,cycle/second,"1,382,290,336.31"
355,129989,pinn,127.0.0.1,"void at::native::vectorized_elementwise_kernel<(int)4, at::native::BinaryFunctor<float, float, float, at::native::MulFunctor<float>>, at::detail::Array<char *, (int)3>>(int, T2, T3)",2022-Sep-16 13:47:08,1,7,Command line profiler metrics,sm__cycles_elapsed.avg,cycle,"4,745.67"
355,129989,pinn,127.0.0.1,"void at::native::vectorized_elementwise_kernel<(int)4, at::native::BinaryFunctor<float, float, float, at::native::MulFunctor<float>>, at::detail::Array<char *, (int)3>>(int, T2, T3)",2022-Sep-16 13:47:08,1,7,Command line profiler metrics,sm__cycles_elapsed.avg.per_second,cycle/second,"1,386,000,778.82"
356,129989,pinn,127.0.0.1,"void at::native::vectorized_elementwise_kernel<(int)4, at::native::BinaryFunctor<float, float, float, at::native::MulFunctor<float>>, at::detail::Array<char *, (int)3>>(int, T2, T3)",2022-Sep-16 13:47:08,1,7,Command line profiler metrics,sm__cycles_elapsed.avg,cycle,"4,551.78"
356,129989,pinn,127.0.0.1,"void at::native::vectorized_elementwise_kernel<(int)4, at::native::BinaryFunctor<float, float, float, at::native::MulFunctor<float>>, at::detail::Array<char *, (int)3>>(int, T2, T3)",2022-Sep-16 13:47:08,1,7,Command line profiler metrics,sm__cycles_elapsed.avg.per_second,cycle/second,"1,394,539,760.35"
357,129989,pinn,127.0.0.1,"void at::native::vectorized_elementwise_kernel<(int)4, at::native::BinaryFunctor<float, float, float, at::native::MulFunctor<float>>, at::detail::Array<char *, (int)3>>(int, T2, T3)",2022-Sep-16 13:47:08,1,7,Command line profiler metrics,sm__cycles_elapsed.avg,cycle,"4,425.91"
357,129989,pinn,127.0.0.1,"void at::native::vectorized_elementwise_kernel<(int)4, at::native::BinaryFunctor<float, float, float, at::native::MulFunctor<float>>, at::detail::Array<char *, (int)3>>(int, T2, T3)",2022-Sep-16 13:47:08,1,7,Command line profiler metrics,sm__cycles_elapsed.avg.per_second,cycle/second,"1,383,096,064.81"
358,129989,pinn,127.0.0.1,"void at::native::vectorized_elementwise_kernel<(int)4, at::native::BinaryFunctor<float, float, float, at::native::MulFunctor<float>>, at::detail::Array<char *, (int)3>>(int, T2, T3)",2022-Sep-16 13:47:08,1,7,Command line profiler metrics,sm__cycles_elapsed.avg,cycle,"4,632.80"
358,129989,pinn,127.0.0.1,"void at::native::vectorized_elementwise_kernel<(int)4, at::native::BinaryFunctor<float, float, float, at::native::MulFunctor<float>>, at::detail::Array<char *, (int)3>>(int, T2, T3)",2022-Sep-16 13:47:08,1,7,Command line profiler metrics,sm__cycles_elapsed.avg.per_second,cycle/second,"1,378,808,421.52"
359,129989,pinn,127.0.0.1,"void at::native::vectorized_elementwise_kernel<(int)4, at::native::CUDAFunctor_add<float>, at::detail::Array<char *, (int)3>>(int, T2, T3)",2022-Sep-16 13:47:08,1,7,Command line profiler metrics,sm__cycles_elapsed.avg,cycle,"4,469.24"
359,129989,pinn,127.0.0.1,"void at::native::vectorized_elementwise_kernel<(int)4, at::native::CUDAFunctor_add<float>, at::detail::Array<char *, (int)3>>(int, T2, T3)",2022-Sep-16 13:47:08,1,7,Command line profiler metrics,sm__cycles_elapsed.avg.per_second,cycle/second,"1,382,809,635.13"
360,129989,pinn,127.0.0.1,"void at::native::vectorized_elementwise_kernel<(int)4, at::native::BUnaryFunctor<float, float, float, at::native::MulFunctor<float>>, at::detail::Array<char *, (int)2>>(int, T2, T3)",2022-Sep-16 13:47:08,1,7,Command line profiler metrics,sm__cycles_elapsed.avg,cycle,"4,287.50"
360,129989,pinn,127.0.0.1,"void at::native::vectorized_elementwise_kernel<(int)4, at::native::BUnaryFunctor<float, float, float, at::native::MulFunctor<float>>, at::detail::Array<char *, (int)2>>(int, T2, T3)",2022-Sep-16 13:47:08,1,7,Command line profiler metrics,sm__cycles_elapsed.avg.per_second,cycle/second,"1,381,282,216.49"
361,129989,pinn,127.0.0.1,"void at::native::vectorized_elementwise_kernel<(int)4, at::native::CUDAFunctor_add<float>, at::detail::Array<char *, (int)3>>(int, T2, T3)",2022-Sep-16 13:47:08,1,7,Command line profiler metrics,sm__cycles_elapsed.avg,cycle,"4,723.20"
361,129989,pinn,127.0.0.1,"void at::native::vectorized_elementwise_kernel<(int)4, at::native::CUDAFunctor_add<float>, at::detail::Array<char *, (int)3>>(int, T2, T3)",2022-Sep-16 13:47:08,1,7,Command line profiler metrics,sm__cycles_elapsed.avg.per_second,cycle/second,"1,379,440,334.03"
362,129989,pinn,127.0.0.1,"void at::native::vectorized_elementwise_kernel<(int)4, at::native::tanh_backward_kernel_cuda(at::TensorIteratorBase &)::[lambda() (instance 2)]::operator ()() const::[lambda() (instance 4)]::operator ()() const::[lambda(float, float) (instance 1)], at::detail::Array<char *, (int)3>>(int, T2, T3)",2022-Sep-16 13:47:08,1,7,Command line profiler metrics,sm__cycles_elapsed.avg,cycle,"4,778.11"
362,129989,pinn,127.0.0.1,"void at::native::vectorized_elementwise_kernel<(int)4, at::native::tanh_backward_kernel_cuda(at::TensorIteratorBase &)::[lambda() (instance 2)]::operator ()() const::[lambda() (instance 4)]::operator ()() const::[lambda(float, float) (instance 1)], at::detail::Array<char *, (int)3>>(int, T2, T3)",2022-Sep-16 13:47:08,1,7,Command line profiler metrics,sm__cycles_elapsed.avg.per_second,cycle/second,"1,382,555,298.35"
363,129989,pinn,127.0.0.1,"void at::native::vectorized_elementwise_kernel<(int)4, at::native::BUnaryFunctor<float, float, float, at::native::MulFunctor<float>>, at::detail::Array<char *, (int)2>>(int, T2, T3)",2022-Sep-16 13:47:08,1,7,Command line profiler metrics,sm__cycles_elapsed.avg,cycle,"4,534.89"
363,129989,pinn,127.0.0.1,"void at::native::vectorized_elementwise_kernel<(int)4, at::native::BUnaryFunctor<float, float, float, at::native::MulFunctor<float>>, at::detail::Array<char *, (int)2>>(int, T2, T3)",2022-Sep-16 13:47:08,1,7,Command line profiler metrics,sm__cycles_elapsed.avg.per_second,cycle/second,"1,403,121,562.16"
364,129989,pinn,127.0.0.1,"void at::native::vectorized_elementwise_kernel<(int)4, at::native::BinaryFunctor<float, float, float, at::native::MulFunctor<float>>, at::detail::Array<char *, (int)3>>(int, T2, T3)",2022-Sep-16 13:47:08,1,7,Command line profiler metrics,sm__cycles_elapsed.avg,cycle,"4,602.54"
364,129989,pinn,127.0.0.1,"void at::native::vectorized_elementwise_kernel<(int)4, at::native::BinaryFunctor<float, float, float, at::native::MulFunctor<float>>, at::detail::Array<char *, (int)3>>(int, T2, T3)",2022-Sep-16 13:47:08,1,7,Command line profiler metrics,sm__cycles_elapsed.avg.per_second,cycle/second,"1,396,400,800.07"
365,129989,pinn,127.0.0.1,"void at::native::vectorized_elementwise_kernel<(int)4, at::native::BinaryFunctor<float, float, float, at::native::MulFunctor<float>>, at::detail::Array<char *, (int)3>>(int, T2, T3)",2022-Sep-16 13:47:08,1,7,Command line profiler metrics,sm__cycles_elapsed.avg,cycle,"4,678.22"
365,129989,pinn,127.0.0.1,"void at::native::vectorized_elementwise_kernel<(int)4, at::native::BinaryFunctor<float, float, float, at::native::MulFunctor<float>>, at::detail::Array<char *, (int)3>>(int, T2, T3)",2022-Sep-16 13:47:08,1,7,Command line profiler metrics,sm__cycles_elapsed.avg.per_second,cycle/second,"1,392,328,042.33"
366,129989,pinn,127.0.0.1,"void at::native::vectorized_elementwise_kernel<(int)4, at::native::CUDAFunctor_add<float>, at::detail::Array<char *, (int)3>>(int, T2, T3)",2022-Sep-16 13:47:09,1,7,Command line profiler metrics,sm__cycles_elapsed.avg,cycle,"4,702.52"
366,129989,pinn,127.0.0.1,"void at::native::vectorized_elementwise_kernel<(int)4, at::native::CUDAFunctor_add<float>, at::detail::Array<char *, (int)3>>(int, T2, T3)",2022-Sep-16 13:47:09,1,7,Command line profiler metrics,sm__cycles_elapsed.avg.per_second,cycle/second,"1,386,355,695.32"
367,129989,pinn,127.0.0.1,"void at::native::vectorized_elementwise_kernel<(int)4, at::native::CUDAFunctor_add<float>, at::detail::Array<char *, (int)3>>(int, T2, T3)",2022-Sep-16 13:47:09,1,7,Command line profiler metrics,sm__cycles_elapsed.avg,cycle,"4,633.67"
367,129989,pinn,127.0.0.1,"void at::native::vectorized_elementwise_kernel<(int)4, at::native::CUDAFunctor_add<float>, at::detail::Array<char *, (int)3>>(int, T2, T3)",2022-Sep-16 13:47:09,1,7,Command line profiler metrics,sm__cycles_elapsed.avg.per_second,cycle/second,"1,392,327,724.36"
368,129989,pinn,127.0.0.1,ampere_sgemm_32x32_sliced1x4_nt,2022-Sep-16 13:47:09,1,7,Command line profiler metrics,sm__cycles_elapsed.avg,cycle,"176,920.81"
368,129989,pinn,127.0.0.1,ampere_sgemm_32x32_sliced1x4_nt,2022-Sep-16 13:47:09,1,7,Command line profiler metrics,sm__cycles_elapsed.avg.per_second,cycle/second,"1,409,323,340.04"
369,129989,pinn,127.0.0.1,ampere_sgemm_32x128_nn,2022-Sep-16 13:47:09,1,7,Command line profiler metrics,sm__cycles_elapsed.avg,cycle,"8,942.30"
369,129989,pinn,127.0.0.1,ampere_sgemm_32x128_nn,2022-Sep-16 13:47:09,1,7,Command line profiler metrics,sm__cycles_elapsed.avg.per_second,cycle/second,"1,397,233,796.30"
370,129989,pinn,127.0.0.1,"void at::native::vectorized_elementwise_kernel<(int)4, at::native::CUDAFunctor_add<float>, at::detail::Array<char *, (int)3>>(int, T2, T3)",2022-Sep-16 13:47:09,1,7,Command line profiler metrics,sm__cycles_elapsed.avg,cycle,"3,658.96"
370,129989,pinn,127.0.0.1,"void at::native::vectorized_elementwise_kernel<(int)4, at::native::CUDAFunctor_add<float>, at::detail::Array<char *, (int)3>>(int, T2, T3)",2022-Sep-16 13:47:09,1,7,Command line profiler metrics,sm__cycles_elapsed.avg.per_second,cycle/second,"1,394,421,860.89"
371,129989,pinn,127.0.0.1,"void at::native::vectorized_elementwise_kernel<(int)4, at::native::BinaryFunctor<float, float, float, at::native::MulFunctor<float>>, at::detail::Array<char *, (int)3>>(int, T2, T3)",2022-Sep-16 13:47:09,1,7,Command line profiler metrics,sm__cycles_elapsed.avg,cycle,"4,650.06"
371,129989,pinn,127.0.0.1,"void at::native::vectorized_elementwise_kernel<(int)4, at::native::BinaryFunctor<float, float, float, at::native::MulFunctor<float>>, at::detail::Array<char *, (int)3>>(int, T2, T3)",2022-Sep-16 13:47:09,1,7,Command line profiler metrics,sm__cycles_elapsed.avg.per_second,cycle/second,"1,397,252,270.30"
372,129989,pinn,127.0.0.1,"void at::native::vectorized_elementwise_kernel<(int)4, at::native::BinaryFunctor<float, float, float, at::native::MulFunctor<float>>, at::detail::Array<char *, (int)3>>(int, T2, T3)",2022-Sep-16 13:47:09,1,7,Command line profiler metrics,sm__cycles_elapsed.avg,cycle,"4,394.50"
372,129989,pinn,127.0.0.1,"void at::native::vectorized_elementwise_kernel<(int)4, at::native::BinaryFunctor<float, float, float, at::native::MulFunctor<float>>, at::detail::Array<char *, (int)3>>(int, T2, T3)",2022-Sep-16 13:47:09,1,7,Command line profiler metrics,sm__cycles_elapsed.avg.per_second,cycle/second,"1,387,152,777.78"
373,129989,pinn,127.0.0.1,"void at::native::vectorized_elementwise_kernel<(int)4, at::native::BinaryFunctor<float, float, float, at::native::MulFunctor<float>>, at::detail::Array<char *, (int)3>>(int, T2, T3)",2022-Sep-16 13:47:09,1,7,Command line profiler metrics,sm__cycles_elapsed.avg,cycle,"4,795.48"
373,129989,pinn,127.0.0.1,"void at::native::vectorized_elementwise_kernel<(int)4, at::native::BinaryFunctor<float, float, float, at::native::MulFunctor<float>>, at::detail::Array<char *, (int)3>>(int, T2, T3)",2022-Sep-16 13:47:09,1,7,Command line profiler metrics,sm__cycles_elapsed.avg.per_second,cycle/second,"1,387,581,447.19"
374,129989,pinn,127.0.0.1,"void at::native::vectorized_elementwise_kernel<(int)4, at::native::BinaryFunctor<float, float, float, at::native::MulFunctor<float>>, at::detail::Array<char *, (int)3>>(int, T2, T3)",2022-Sep-16 13:47:09,1,7,Command line profiler metrics,sm__cycles_elapsed.avg,cycle,"4,660.52"
374,129989,pinn,127.0.0.1,"void at::native::vectorized_elementwise_kernel<(int)4, at::native::BinaryFunctor<float, float, float, at::native::MulFunctor<float>>, at::detail::Array<char *, (int)3>>(int, T2, T3)",2022-Sep-16 13:47:09,1,7,Command line profiler metrics,sm__cycles_elapsed.avg.per_second,cycle/second,"1,387,059,082.89"
375,129989,pinn,127.0.0.1,"void at::native::vectorized_elementwise_kernel<(int)4, at::native::CUDAFunctor_add<float>, at::detail::Array<char *, (int)3>>(int, T2, T3)",2022-Sep-16 13:47:09,1,7,Command line profiler metrics,sm__cycles_elapsed.avg,cycle,"4,435.70"
375,129989,pinn,127.0.0.1,"void at::native::vectorized_elementwise_kernel<(int)4, at::native::CUDAFunctor_add<float>, at::detail::Array<char *, (int)3>>(int, T2, T3)",2022-Sep-16 13:47:09,1,7,Command line profiler metrics,sm__cycles_elapsed.avg.per_second,cycle/second,"1,400,158,997.38"
376,129989,pinn,127.0.0.1,"void at::native::vectorized_elementwise_kernel<(int)4, at::native::BUnaryFunctor<float, float, float, at::native::MulFunctor<float>>, at::detail::Array<char *, (int)2>>(int, T2, T3)",2022-Sep-16 13:47:09,1,7,Command line profiler metrics,sm__cycles_elapsed.avg,cycle,"4,239.87"
376,129989,pinn,127.0.0.1,"void at::native::vectorized_elementwise_kernel<(int)4, at::native::BUnaryFunctor<float, float, float, at::native::MulFunctor<float>>, at::detail::Array<char *, (int)2>>(int, T2, T3)",2022-Sep-16 13:47:09,1,7,Command line profiler metrics,sm__cycles_elapsed.avg.per_second,cycle/second,"1,380,166,136.19"
377,129989,pinn,127.0.0.1,"void at::native::vectorized_elementwise_kernel<(int)4, at::native::CUDAFunctor_add<float>, at::detail::Array<char *, (int)3>>(int, T2, T3)",2022-Sep-16 13:47:09,1,7,Command line profiler metrics,sm__cycles_elapsed.avg,cycle,"4,696.70"
377,129989,pinn,127.0.0.1,"void at::native::vectorized_elementwise_kernel<(int)4, at::native::CUDAFunctor_add<float>, at::detail::Array<char *, (int)3>>(int, T2, T3)",2022-Sep-16 13:47:09,1,7,Command line profiler metrics,sm__cycles_elapsed.avg.per_second,cycle/second,"1,384,641,422.08"
378,129989,pinn,127.0.0.1,"void at::native::vectorized_elementwise_kernel<(int)4, at::native::tanh_backward_kernel_cuda(at::TensorIteratorBase &)::[lambda() (instance 2)]::operator ()() const::[lambda() (instance 4)]::operator ()() const::[lambda(float, float) (instance 1)], at::detail::Array<char *, (int)3>>(int, T2, T3)",2022-Sep-16 13:47:09,1,7,Command line profiler metrics,sm__cycles_elapsed.avg,cycle,"4,712.96"
378,129989,pinn,127.0.0.1,"void at::native::vectorized_elementwise_kernel<(int)4, at::native::tanh_backward_kernel_cuda(at::TensorIteratorBase &)::[lambda() (instance 2)]::operator ()() const::[lambda() (instance 4)]::operator ()() const::[lambda(float, float) (instance 1)], at::detail::Array<char *, (int)3>>(int, T2, T3)",2022-Sep-16 13:47:09,1,7,Command line profiler metrics,sm__cycles_elapsed.avg.per_second,cycle/second,"1,389,434,835.78"
379,129989,pinn,127.0.0.1,"void at::native::vectorized_elementwise_kernel<(int)4, at::native::BUnaryFunctor<float, float, float, at::native::MulFunctor<float>>, at::detail::Array<char *, (int)2>>(int, T2, T3)",2022-Sep-16 13:47:09,1,7,Command line profiler metrics,sm__cycles_elapsed.avg,cycle,"4,321.41"
379,129989,pinn,127.0.0.1,"void at::native::vectorized_elementwise_kernel<(int)4, at::native::BUnaryFunctor<float, float, float, at::native::MulFunctor<float>>, at::detail::Array<char *, (int)2>>(int, T2, T3)",2022-Sep-16 13:47:09,1,7,Command line profiler metrics,sm__cycles_elapsed.avg.per_second,cycle/second,"1,392,205,994.65"
380,129989,pinn,127.0.0.1,"void at::native::vectorized_elementwise_kernel<(int)4, at::native::BinaryFunctor<float, float, float, at::native::MulFunctor<float>>, at::detail::Array<char *, (int)3>>(int, T2, T3)",2022-Sep-16 13:47:09,1,7,Command line profiler metrics,sm__cycles_elapsed.avg,cycle,"4,729.56"
380,129989,pinn,127.0.0.1,"void at::native::vectorized_elementwise_kernel<(int)4, at::native::BinaryFunctor<float, float, float, at::native::MulFunctor<float>>, at::detail::Array<char *, (int)3>>(int, T2, T3)",2022-Sep-16 13:47:09,1,7,Command line profiler metrics,sm__cycles_elapsed.avg.per_second,cycle/second,"1,381,295,430.94"
381,129989,pinn,127.0.0.1,"void at::native::vectorized_elementwise_kernel<(int)4, at::native::BinaryFunctor<float, float, float, at::native::MulFunctor<float>>, at::detail::Array<char *, (int)3>>(int, T2, T3)",2022-Sep-16 13:47:09,1,7,Command line profiler metrics,sm__cycles_elapsed.avg,cycle,"4,966.81"
381,129989,pinn,127.0.0.1,"void at::native::vectorized_elementwise_kernel<(int)4, at::native::BinaryFunctor<float, float, float, at::native::MulFunctor<float>>, at::detail::Array<char *, (int)3>>(int, T2, T3)",2022-Sep-16 13:47:09,1,7,Command line profiler metrics,sm__cycles_elapsed.avg.per_second,cycle/second,"1,385,830,026.46"
382,129989,pinn,127.0.0.1,"void at::native::vectorized_elementwise_kernel<(int)4, at::native::CUDAFunctor_add<float>, at::detail::Array<char *, (int)3>>(int, T2, T3)",2022-Sep-16 13:47:09,1,7,Command line profiler metrics,sm__cycles_elapsed.avg,cycle,"4,560.94"
382,129989,pinn,127.0.0.1,"void at::native::vectorized_elementwise_kernel<(int)4, at::native::CUDAFunctor_add<float>, at::detail::Array<char *, (int)3>>(int, T2, T3)",2022-Sep-16 13:47:09,1,7,Command line profiler metrics,sm__cycles_elapsed.avg.per_second,cycle/second,"1,383,781,688.24"
383,129989,pinn,127.0.0.1,"void at::native::vectorized_elementwise_kernel<(int)4, at::native::CUDAFunctor_add<float>, at::detail::Array<char *, (int)3>>(int, T2, T3)",2022-Sep-16 13:47:09,1,7,Command line profiler metrics,sm__cycles_elapsed.avg,cycle,"4,586.80"
383,129989,pinn,127.0.0.1,"void at::native::vectorized_elementwise_kernel<(int)4, at::native::CUDAFunctor_add<float>, at::detail::Array<char *, (int)3>>(int, T2, T3)",2022-Sep-16 13:47:09,1,7,Command line profiler metrics,sm__cycles_elapsed.avg.per_second,cycle/second,"1,391,625,089.90"
384,129989,pinn,127.0.0.1,ampere_sgemm_32x32_sliced1x4_nt,2022-Sep-16 13:47:09,1,7,Command line profiler metrics,sm__cycles_elapsed.avg,cycle,"171,662.48"
384,129989,pinn,127.0.0.1,ampere_sgemm_32x32_sliced1x4_nt,2022-Sep-16 13:47:09,1,7,Command line profiler metrics,sm__cycles_elapsed.avg.per_second,cycle/second,"1,408,362,443.24"
385,129989,pinn,127.0.0.1,ampere_sgemm_32x128_nn,2022-Sep-16 13:47:09,1,7,Command line profiler metrics,sm__cycles_elapsed.avg,cycle,"8,947.07"
385,129989,pinn,127.0.0.1,ampere_sgemm_32x128_nn,2022-Sep-16 13:47:09,1,7,Command line profiler metrics,sm__cycles_elapsed.avg.per_second,cycle/second,"1,391,025,198.08"
386,129989,pinn,127.0.0.1,"void at::native::vectorized_elementwise_kernel<(int)4, at::native::CUDAFunctor_add<float>, at::detail::Array<char *, (int)3>>(int, T2, T3)",2022-Sep-16 13:47:09,1,7,Command line profiler metrics,sm__cycles_elapsed.avg,cycle,"3,934.96"
386,129989,pinn,127.0.0.1,"void at::native::vectorized_elementwise_kernel<(int)4, at::native::CUDAFunctor_add<float>, at::detail::Array<char *, (int)3>>(int, T2, T3)",2022-Sep-16 13:47:09,1,7,Command line profiler metrics,sm__cycles_elapsed.avg.per_second,cycle/second,"1,397,359,006.73"
387,129989,pinn,127.0.0.1,"void at::native::vectorized_elementwise_kernel<(int)4, at::native::BinaryFunctor<float, float, float, at::native::MulFunctor<float>>, at::detail::Array<char *, (int)3>>(int, T2, T3)",2022-Sep-16 13:47:09,1,7,Command line profiler metrics,sm__cycles_elapsed.avg,cycle,"4,623.04"
387,129989,pinn,127.0.0.1,"void at::native::vectorized_elementwise_kernel<(int)4, at::native::BinaryFunctor<float, float, float, at::native::MulFunctor<float>>, at::detail::Array<char *, (int)3>>(int, T2, T3)",2022-Sep-16 13:47:09,1,7,Command line profiler metrics,sm__cycles_elapsed.avg.per_second,cycle/second,"1,389,133,725.07"
388,129989,pinn,127.0.0.1,"void at::native::vectorized_elementwise_kernel<(int)4, at::native::BinaryFunctor<float, float, float, at::native::MulFunctor<float>>, at::detail::Array<char *, (int)3>>(int, T2, T3)",2022-Sep-16 13:47:09,1,7,Command line profiler metrics,sm__cycles_elapsed.avg,cycle,"4,607.89"
388,129989,pinn,127.0.0.1,"void at::native::vectorized_elementwise_kernel<(int)4, at::native::BinaryFunctor<float, float, float, at::native::MulFunctor<float>>, at::detail::Array<char *, (int)3>>(int, T2, T3)",2022-Sep-16 13:47:09,1,7,Command line profiler metrics,sm__cycles_elapsed.avg.per_second,cycle/second,"1,384,581,997.86"
389,129989,pinn,127.0.0.1,"void at::native::vectorized_elementwise_kernel<(int)4, at::native::BinaryFunctor<float, float, float, at::native::MulFunctor<float>>, at::detail::Array<char *, (int)3>>(int, T2, T3)",2022-Sep-16 13:47:09,1,7,Command line profiler metrics,sm__cycles_elapsed.avg,cycle,"4,513.37"
389,129989,pinn,127.0.0.1,"void at::native::vectorized_elementwise_kernel<(int)4, at::native::BinaryFunctor<float, float, float, at::native::MulFunctor<float>>, at::detail::Array<char *, (int)3>>(int, T2, T3)",2022-Sep-16 13:47:09,1,7,Command line profiler metrics,sm__cycles_elapsed.avg.per_second,cycle/second,"1,396,463,604.69"
390,129989,pinn,127.0.0.1,"void at::native::vectorized_elementwise_kernel<(int)4, at::native::BinaryFunctor<float, float, float, at::native::MulFunctor<float>>, at::detail::Array<char *, (int)3>>(int, T2, T3)",2022-Sep-16 13:47:09,1,7,Command line profiler metrics,sm__cycles_elapsed.avg,cycle,"4,729.54"
390,129989,pinn,127.0.0.1,"void at::native::vectorized_elementwise_kernel<(int)4, at::native::BinaryFunctor<float, float, float, at::native::MulFunctor<float>>, at::detail::Array<char *, (int)3>>(int, T2, T3)",2022-Sep-16 13:47:09,1,7,Command line profiler metrics,sm__cycles_elapsed.avg.per_second,cycle/second,"1,394,321,060.45"
391,129989,pinn,127.0.0.1,"void at::native::vectorized_elementwise_kernel<(int)4, at::native::CUDAFunctor_add<float>, at::detail::Array<char *, (int)3>>(int, T2, T3)",2022-Sep-16 13:47:09,1,7,Command line profiler metrics,sm__cycles_elapsed.avg,cycle,"4,338.83"
391,129989,pinn,127.0.0.1,"void at::native::vectorized_elementwise_kernel<(int)4, at::native::CUDAFunctor_add<float>, at::detail::Array<char *, (int)3>>(int, T2, T3)",2022-Sep-16 13:47:09,1,7,Command line profiler metrics,sm__cycles_elapsed.avg.per_second,cycle/second,"1,076,099,537.04"
392,129989,pinn,127.0.0.1,"void at::native::vectorized_elementwise_kernel<(int)4, at::native::BUnaryFunctor<float, float, float, at::native::MulFunctor<float>>, at::detail::Array<char *, (int)2>>(int, T2, T3)",2022-Sep-16 13:47:09,1,7,Command line profiler metrics,sm__cycles_elapsed.avg,cycle,"4,509.56"
392,129989,pinn,127.0.0.1,"void at::native::vectorized_elementwise_kernel<(int)4, at::native::BUnaryFunctor<float, float, float, at::native::MulFunctor<float>>, at::detail::Array<char *, (int)2>>(int, T2, T3)",2022-Sep-16 13:47:09,1,7,Command line profiler metrics,sm__cycles_elapsed.avg.per_second,cycle/second,"1,381,604,030.50"
393,129989,pinn,127.0.0.1,"void at::native::vectorized_elementwise_kernel<(int)4, at::native::CUDAFunctor_add<float>, at::detail::Array<char *, (int)3>>(int, T2, T3)",2022-Sep-16 13:47:09,1,7,Command line profiler metrics,sm__cycles_elapsed.avg,cycle,"4,662.43"
393,129989,pinn,127.0.0.1,"void at::native::vectorized_elementwise_kernel<(int)4, at::native::CUDAFunctor_add<float>, at::detail::Array<char *, (int)3>>(int, T2, T3)",2022-Sep-16 13:47:09,1,7,Command line profiler metrics,sm__cycles_elapsed.avg.per_second,cycle/second,"1,387,626,763.67"
394,129989,pinn,127.0.0.1,"void at::native::vectorized_elementwise_kernel<(int)4, at::native::tanh_backward_kernel_cuda(at::TensorIteratorBase &)::[lambda() (instance 2)]::operator ()() const::[lambda() (instance 4)]::operator ()() const::[lambda(float, float) (instance 1)], at::detail::Array<char *, (int)3>>(int, T2, T3)",2022-Sep-16 13:47:09,1,7,Command line profiler metrics,sm__cycles_elapsed.avg,cycle,"4,700.69"
394,129989,pinn,127.0.0.1,"void at::native::vectorized_elementwise_kernel<(int)4, at::native::tanh_backward_kernel_cuda(at::TensorIteratorBase &)::[lambda() (instance 2)]::operator ()() const::[lambda() (instance 4)]::operator ()() const::[lambda(float, float) (instance 1)], at::detail::Array<char *, (int)3>>(int, T2, T3)",2022-Sep-16 13:47:09,1,7,Command line profiler metrics,sm__cycles_elapsed.avg.per_second,cycle/second,"1,385,815,207.90"
395,129989,pinn,127.0.0.1,"void at::native::vectorized_elementwise_kernel<(int)4, at::native::BUnaryFunctor<float, float, float, at::native::MulFunctor<float>>, at::detail::Array<char *, (int)2>>(int, T2, T3)",2022-Sep-16 13:47:09,1,7,Command line profiler metrics,sm__cycles_elapsed.avg,cycle,"4,418.50"
395,129989,pinn,127.0.0.1,"void at::native::vectorized_elementwise_kernel<(int)4, at::native::BUnaryFunctor<float, float, float, at::native::MulFunctor<float>>, at::detail::Array<char *, (int)2>>(int, T2, T3)",2022-Sep-16 13:47:09,1,7,Command line profiler metrics,sm__cycles_elapsed.avg.per_second,cycle/second,"1,380,781,250"
396,129989,pinn,127.0.0.1,"void at::native::vectorized_elementwise_kernel<(int)4, at::native::BinaryFunctor<float, float, float, at::native::MulFunctor<float>>, at::detail::Array<char *, (int)3>>(int, T2, T3)",2022-Sep-16 13:47:09,1,7,Command line profiler metrics,sm__cycles_elapsed.avg,cycle,"4,569.91"
396,129989,pinn,127.0.0.1,"void at::native::vectorized_elementwise_kernel<(int)4, at::native::BinaryFunctor<float, float, float, at::native::MulFunctor<float>>, at::detail::Array<char *, (int)3>>(int, T2, T3)",2022-Sep-16 13:47:09,1,7,Command line profiler metrics,sm__cycles_elapsed.avg.per_second,cycle/second,"1,386,501,033.80"
397,129989,pinn,127.0.0.1,"void at::native::vectorized_elementwise_kernel<(int)4, at::native::BinaryFunctor<float, float, float, at::native::MulFunctor<float>>, at::detail::Array<char *, (int)3>>(int, T2, T3)",2022-Sep-16 13:47:09,1,7,Command line profiler metrics,sm__cycles_elapsed.avg,cycle,"4,922.30"
397,129989,pinn,127.0.0.1,"void at::native::vectorized_elementwise_kernel<(int)4, at::native::BinaryFunctor<float, float, float, at::native::MulFunctor<float>>, at::detail::Array<char *, (int)3>>(int, T2, T3)",2022-Sep-16 13:47:09,1,7,Command line profiler metrics,sm__cycles_elapsed.avg.per_second,cycle/second,"1,385,781,614.95"
398,129989,pinn,127.0.0.1,"void at::native::vectorized_elementwise_kernel<(int)4, at::native::CUDAFunctor_add<float>, at::detail::Array<char *, (int)3>>(int, T2, T3)",2022-Sep-16 13:47:09,1,7,Command line profiler metrics,sm__cycles_elapsed.avg,cycle,"4,548.33"
398,129989,pinn,127.0.0.1,"void at::native::vectorized_elementwise_kernel<(int)4, at::native::CUDAFunctor_add<float>, at::detail::Array<char *, (int)3>>(int, T2, T3)",2022-Sep-16 13:47:09,1,7,Command line profiler metrics,sm__cycles_elapsed.avg.per_second,cycle/second,"1,393,484,477.12"
399,129989,pinn,127.0.0.1,"void at::native::vectorized_elementwise_kernel<(int)4, at::native::CUDAFunctor_add<float>, at::detail::Array<char *, (int)3>>(int, T2, T3)",2022-Sep-16 13:47:09,1,7,Command line profiler metrics,sm__cycles_elapsed.avg,cycle,"4,597.76"
399,129989,pinn,127.0.0.1,"void at::native::vectorized_elementwise_kernel<(int)4, at::native::CUDAFunctor_add<float>, at::detail::Array<char *, (int)3>>(int, T2, T3)",2022-Sep-16 13:47:09,1,7,Command line profiler metrics,sm__cycles_elapsed.avg.per_second,cycle/second,"1,394,951,231.57"
400,129989,pinn,127.0.0.1,ampere_sgemm_32x32_sliced1x4_nt,2022-Sep-16 13:47:09,1,7,Command line profiler metrics,sm__cycles_elapsed.avg,cycle,"176,217"
400,129989,pinn,127.0.0.1,ampere_sgemm_32x32_sliced1x4_nt,2022-Sep-16 13:47:09,1,7,Command line profiler metrics,sm__cycles_elapsed.avg.per_second,cycle/second,"1,409,826,228.88"
401,129989,pinn,127.0.0.1,ampere_sgemm_32x128_nn,2022-Sep-16 13:47:09,1,7,Command line profiler metrics,sm__cycles_elapsed.avg,cycle,"8,877.06"
401,129989,pinn,127.0.0.1,ampere_sgemm_32x128_nn,2022-Sep-16 13:47:09,1,7,Command line profiler metrics,sm__cycles_elapsed.avg.per_second,cycle/second,"1,054,783,217.15"
402,129989,pinn,127.0.0.1,"void at::native::vectorized_elementwise_kernel<(int)4, at::native::CUDAFunctor_add<float>, at::detail::Array<char *, (int)3>>(int, T2, T3)",2022-Sep-16 13:47:09,1,7,Command line profiler metrics,sm__cycles_elapsed.avg,cycle,"4,078.02"
402,129989,pinn,127.0.0.1,"void at::native::vectorized_elementwise_kernel<(int)4, at::native::CUDAFunctor_add<float>, at::detail::Array<char *, (int)3>>(int, T2, T3)",2022-Sep-16 13:47:09,1,7,Command line profiler metrics,sm__cycles_elapsed.avg.per_second,cycle/second,"1,385,196,507.65"
403,129989,pinn,127.0.0.1,"void at::native::vectorized_elementwise_kernel<(int)4, at::native::BinaryFunctor<float, float, float, at::native::MulFunctor<float>>, at::detail::Array<char *, (int)3>>(int, T2, T3)",2022-Sep-16 13:47:09,1,7,Command line profiler metrics,sm__cycles_elapsed.avg,cycle,"4,762.35"
403,129989,pinn,127.0.0.1,"void at::native::vectorized_elementwise_kernel<(int)4, at::native::BinaryFunctor<float, float, float, at::native::MulFunctor<float>>, at::detail::Array<char *, (int)3>>(int, T2, T3)",2022-Sep-16 13:47:09,1,7,Command line profiler metrics,sm__cycles_elapsed.avg.per_second,cycle/second,"1,377,995,327.50"
404,129989,pinn,127.0.0.1,"void at::native::vectorized_elementwise_kernel<(int)4, at::native::BinaryFunctor<float, float, float, at::native::MulFunctor<float>>, at::detail::Array<char *, (int)3>>(int, T2, T3)",2022-Sep-16 13:47:09,1,7,Command line profiler metrics,sm__cycles_elapsed.avg,cycle,"4,602.91"
404,129989,pinn,127.0.0.1,"void at::native::vectorized_elementwise_kernel<(int)4, at::native::BinaryFunctor<float, float, float, at::native::MulFunctor<float>>, at::detail::Array<char *, (int)3>>(int, T2, T3)",2022-Sep-16 13:47:09,1,7,Command line profiler metrics,sm__cycles_elapsed.avg.per_second,cycle/second,"1,383,085,158.48"
405,129989,pinn,127.0.0.1,"void at::native::vectorized_elementwise_kernel<(int)4, at::native::BinaryFunctor<float, float, float, at::native::MulFunctor<float>>, at::detail::Array<char *, (int)3>>(int, T2, T3)",2022-Sep-16 13:47:09,1,7,Command line profiler metrics,sm__cycles_elapsed.avg,cycle,"4,637.80"
405,129989,pinn,127.0.0.1,"void at::native::vectorized_elementwise_kernel<(int)4, at::native::BinaryFunctor<float, float, float, at::native::MulFunctor<float>>, at::detail::Array<char *, (int)3>>(int, T2, T3)",2022-Sep-16 13:47:09,1,7,Command line profiler metrics,sm__cycles_elapsed.avg.per_second,cycle/second,"1,380,296,516.75"
406,129989,pinn,127.0.0.1,"void at::native::vectorized_elementwise_kernel<(int)4, at::native::BinaryFunctor<float, float, float, at::native::MulFunctor<float>>, at::detail::Array<char *, (int)3>>(int, T2, T3)",2022-Sep-16 13:47:09,1,7,Command line profiler metrics,sm__cycles_elapsed.avg,cycle,"4,698.94"
406,129989,pinn,127.0.0.1,"void at::native::vectorized_elementwise_kernel<(int)4, at::native::BinaryFunctor<float, float, float, at::native::MulFunctor<float>>, at::detail::Array<char *, (int)3>>(int, T2, T3)",2022-Sep-16 13:47:09,1,7,Command line profiler metrics,sm__cycles_elapsed.avg.per_second,cycle/second,"1,385,302,017.82"
407,129989,pinn,127.0.0.1,"void at::native::vectorized_elementwise_kernel<(int)4, at::native::CUDAFunctor_add<float>, at::detail::Array<char *, (int)3>>(int, T2, T3)",2022-Sep-16 13:47:09,1,7,Command line profiler metrics,sm__cycles_elapsed.avg,cycle,"4,606.98"
407,129989,pinn,127.0.0.1,"void at::native::vectorized_elementwise_kernel<(int)4, at::native::CUDAFunctor_add<float>, at::detail::Array<char *, (int)3>>(int, T2, T3)",2022-Sep-16 13:47:09,1,7,Command line profiler metrics,sm__cycles_elapsed.avg.per_second,cycle/second,"1,384,309,339.39"
408,129989,pinn,127.0.0.1,"void at::native::vectorized_elementwise_kernel<(int)4, at::native::BUnaryFunctor<float, float, float, at::native::MulFunctor<float>>, at::detail::Array<char *, (int)2>>(int, T2, T3)",2022-Sep-16 13:47:09,1,7,Command line profiler metrics,sm__cycles_elapsed.avg,cycle,"4,295.09"
408,129989,pinn,127.0.0.1,"void at::native::vectorized_elementwise_kernel<(int)4, at::native::BUnaryFunctor<float, float, float, at::native::MulFunctor<float>>, at::detail::Array<char *, (int)2>>(int, T2, T3)",2022-Sep-16 13:47:09,1,7,Command line profiler metrics,sm__cycles_elapsed.avg.per_second,cycle/second,"1,383,728,283.70"
409,129989,pinn,127.0.0.1,"void at::native::vectorized_elementwise_kernel<(int)4, at::native::CUDAFunctor_add<float>, at::detail::Array<char *, (int)3>>(int, T2, T3)",2022-Sep-16 13:47:09,1,7,Command line profiler metrics,sm__cycles_elapsed.avg,cycle,"4,702.93"
409,129989,pinn,127.0.0.1,"void at::native::vectorized_elementwise_kernel<(int)4, at::native::CUDAFunctor_add<float>, at::detail::Array<char *, (int)3>>(int, T2, T3)",2022-Sep-16 13:47:09,1,7,Command line profiler metrics,sm__cycles_elapsed.avg.per_second,cycle/second,"1,386,475,803.63"
410,129989,pinn,127.0.0.1,"void at::native::vectorized_elementwise_kernel<(int)4, at::native::tanh_backward_kernel_cuda(at::TensorIteratorBase &)::[lambda() (instance 2)]::operator ()() const::[lambda() (instance 4)]::operator ()() const::[lambda(float, float) (instance 1)], at::detail::Array<char *, (int)3>>(int, T2, T3)",2022-Sep-16 13:47:09,1,7,Command line profiler metrics,sm__cycles_elapsed.avg,cycle,"4,655.39"
410,129989,pinn,127.0.0.1,"void at::native::vectorized_elementwise_kernel<(int)4, at::native::tanh_backward_kernel_cuda(at::TensorIteratorBase &)::[lambda() (instance 2)]::operator ()() const::[lambda() (instance 4)]::operator ()() const::[lambda(float, float) (instance 1)], at::detail::Array<char *, (int)3>>(int, T2, T3)",2022-Sep-16 13:47:09,1,7,Command line profiler metrics,sm__cycles_elapsed.avg.per_second,cycle/second,"1,385,532,407.41"
411,129989,pinn,127.0.0.1,"void at::native::vectorized_elementwise_kernel<(int)4, at::native::BUnaryFunctor<float, float, float, at::native::MulFunctor<float>>, at::detail::Array<char *, (int)2>>(int, T2, T3)",2022-Sep-16 13:47:09,1,7,Command line profiler metrics,sm__cycles_elapsed.avg,cycle,"4,341.65"
411,129989,pinn,127.0.0.1,"void at::native::vectorized_elementwise_kernel<(int)4, at::native::BUnaryFunctor<float, float, float, at::native::MulFunctor<float>>, at::detail::Array<char *, (int)2>>(int, T2, T3)",2022-Sep-16 13:47:09,1,7,Command line profiler metrics,sm__cycles_elapsed.avg.per_second,cycle/second,"1,384,454,128.87"
412,129989,pinn,127.0.0.1,"void at::native::vectorized_elementwise_kernel<(int)4, at::native::BinaryFunctor<float, float, float, at::native::MulFunctor<float>>, at::detail::Array<char *, (int)3>>(int, T2, T3)",2022-Sep-16 13:47:09,1,7,Command line profiler metrics,sm__cycles_elapsed.avg,cycle,"4,625.93"
412,129989,pinn,127.0.0.1,"void at::native::vectorized_elementwise_kernel<(int)4, at::native::BinaryFunctor<float, float, float, at::native::MulFunctor<float>>, at::detail::Array<char *, (int)3>>(int, T2, T3)",2022-Sep-16 13:47:09,1,7,Command line profiler metrics,sm__cycles_elapsed.avg.per_second,cycle/second,"1,390,001,780.63"
413,129989,pinn,127.0.0.1,"void at::native::vectorized_elementwise_kernel<(int)4, at::native::BinaryFunctor<float, float, float, at::native::MulFunctor<float>>, at::detail::Array<char *, (int)3>>(int, T2, T3)",2022-Sep-16 13:47:09,1,7,Command line profiler metrics,sm__cycles_elapsed.avg,cycle,"4,624.37"
413,129989,pinn,127.0.0.1,"void at::native::vectorized_elementwise_kernel<(int)4, at::native::BinaryFunctor<float, float, float, at::native::MulFunctor<float>>, at::detail::Array<char *, (int)3>>(int, T2, T3)",2022-Sep-16 13:47:09,1,7,Command line profiler metrics,sm__cycles_elapsed.avg.per_second,cycle/second,"1,389,534,366.10"
414,129989,pinn,127.0.0.1,"void at::native::vectorized_elementwise_kernel<(int)4, at::native::CUDAFunctor_add<float>, at::detail::Array<char *, (int)3>>(int, T2, T3)",2022-Sep-16 13:47:09,1,7,Command line profiler metrics,sm__cycles_elapsed.avg,cycle,"4,670.65"
414,129989,pinn,127.0.0.1,"void at::native::vectorized_elementwise_kernel<(int)4, at::native::CUDAFunctor_add<float>, at::detail::Array<char *, (int)3>>(int, T2, T3)",2022-Sep-16 13:47:09,1,7,Command line profiler metrics,sm__cycles_elapsed.avg.per_second,cycle/second,"1,390,073,853.62"
415,129989,pinn,127.0.0.1,"void at::native::vectorized_elementwise_kernel<(int)4, at::native::CUDAFunctor_add<float>, at::detail::Array<char *, (int)3>>(int, T2, T3)",2022-Sep-16 13:47:09,1,7,Command line profiler metrics,sm__cycles_elapsed.avg,cycle,"4,758.76"
415,129989,pinn,127.0.0.1,"void at::native::vectorized_elementwise_kernel<(int)4, at::native::CUDAFunctor_add<float>, at::detail::Array<char *, (int)3>>(int, T2, T3)",2022-Sep-16 13:47:09,1,7,Command line profiler metrics,sm__cycles_elapsed.avg.per_second,cycle/second,"1,389,824,550.02"
416,129989,pinn,127.0.0.1,ampere_sgemm_32x32_sliced1x4_nt,2022-Sep-16 13:47:09,1,7,Command line profiler metrics,sm__cycles_elapsed.avg,cycle,"167,719.17"
416,129989,pinn,127.0.0.1,ampere_sgemm_32x32_sliced1x4_nt,2022-Sep-16 13:47:09,1,7,Command line profiler metrics,sm__cycles_elapsed.avg.per_second,cycle/second,"1,409,310,018.37"
417,129989,pinn,127.0.0.1,"void at::native::vectorized_elementwise_kernel<(int)4, at::native::CUDAFunctor_add<float>, at::detail::Array<char *, (int)3>>(int, T2, T3)",2022-Sep-16 13:47:09,1,7,Command line profiler metrics,sm__cycles_elapsed.avg,cycle,"3,548.26"
417,129989,pinn,127.0.0.1,"void at::native::vectorized_elementwise_kernel<(int)4, at::native::CUDAFunctor_add<float>, at::detail::Array<char *, (int)3>>(int, T2, T3)",2022-Sep-16 13:47:09,1,7,Command line profiler metrics,sm__cycles_elapsed.avg.per_second,cycle/second,"1,386,038,773.15"
418,129989,pinn,127.0.0.1,"void at::native::vectorized_elementwise_kernel<(int)4, at::native::CUDAFunctor_add<float>, at::detail::Array<char *, (int)3>>(int, T2, T3)",2022-Sep-16 13:47:09,1,7,Command line profiler metrics,sm__cycles_elapsed.avg,cycle,"3,689.70"
418,129989,pinn,127.0.0.1,"void at::native::vectorized_elementwise_kernel<(int)4, at::native::CUDAFunctor_add<float>, at::detail::Array<char *, (int)3>>(int, T2, T3)",2022-Sep-16 13:47:09,1,7,Command line profiler metrics,sm__cycles_elapsed.avg.per_second,cycle/second,"1,389,195,671.58"
419,129989,pinn,127.0.0.1,ampere_sgemm_32x32_sliced1x4_nt,2022-Sep-16 13:47:09,1,7,Command line profiler metrics,sm__cycles_elapsed.avg,cycle,"175,300.89"
419,129989,pinn,127.0.0.1,ampere_sgemm_32x32_sliced1x4_nt,2022-Sep-16 13:47:09,1,7,Command line profiler metrics,sm__cycles_elapsed.avg.per_second,cycle/second,"1,409,715,074.06"
420,129989,pinn,127.0.0.1,ampere_sgemm_32x128_tn,2022-Sep-16 13:47:09,1,7,Command line profiler metrics,sm__cycles_elapsed.avg,cycle,"8,924.28"
420,129989,pinn,127.0.0.1,ampere_sgemm_32x128_tn,2022-Sep-16 13:47:09,1,7,Command line profiler metrics,sm__cycles_elapsed.avg.per_second,cycle/second,"1,394,418,402.78"
421,129989,pinn,127.0.0.1,"void at::native::vectorized_elementwise_kernel<(int)4, at::native::CUDAFunctor_add<float>, at::detail::Array<char *, (int)3>>(int, T2, T3)",2022-Sep-16 13:47:09,1,7,Command line profiler metrics,sm__cycles_elapsed.avg,cycle,"3,649.98"
421,129989,pinn,127.0.0.1,"void at::native::vectorized_elementwise_kernel<(int)4, at::native::CUDAFunctor_add<float>, at::detail::Array<char *, (int)3>>(int, T2, T3)",2022-Sep-16 13:47:09,1,7,Command line profiler metrics,sm__cycles_elapsed.avg.per_second,cycle/second,"1,390,999,040.20"
422,129989,pinn,127.0.0.1,"void at::native::vectorized_elementwise_kernel<(int)4, at::native::CUDAFunctor_add<float>, at::detail::Array<char *, (int)3>>(int, T2, T3)",2022-Sep-16 13:47:09,1,7,Command line profiler metrics,sm__cycles_elapsed.avg,cycle,"3,472.57"
422,129989,pinn,127.0.0.1,"void at::native::vectorized_elementwise_kernel<(int)4, at::native::CUDAFunctor_add<float>, at::detail::Array<char *, (int)3>>(int, T2, T3)",2022-Sep-16 13:47:09,1,7,Command line profiler metrics,sm__cycles_elapsed.avg.per_second,cycle/second,"1,373,644,807.78"
423,129989,pinn,127.0.0.1,"void at::native::vectorized_elementwise_kernel<(int)4, at::native::tanh_backward_kernel_cuda(at::TensorIteratorBase &)::[lambda() (instance 2)]::operator ()() const::[lambda() (instance 4)]::operator ()() const::[lambda(float, float) (instance 1)], at::detail::Array<char *, (int)3>>(int, T2, T3)",2022-Sep-16 13:47:09,1,7,Command line profiler metrics,sm__cycles_elapsed.avg,cycle,"4,615.11"
423,129989,pinn,127.0.0.1,"void at::native::vectorized_elementwise_kernel<(int)4, at::native::tanh_backward_kernel_cuda(at::TensorIteratorBase &)::[lambda() (instance 2)]::operator ()() const::[lambda() (instance 4)]::operator ()() const::[lambda(float, float) (instance 1)], at::detail::Array<char *, (int)3>>(int, T2, T3)",2022-Sep-16 13:47:09,1,7,Command line profiler metrics,sm__cycles_elapsed.avg.per_second,cycle/second,"1,386,752,136.75"
424,129989,pinn,127.0.0.1,"void at::native::vectorized_elementwise_kernel<(int)4, at::native::BUnaryFunctor<float, float, float, at::native::MulFunctor<float>>, at::detail::Array<char *, (int)2>>(int, T2, T3)",2022-Sep-16 13:47:09,1,7,Command line profiler metrics,sm__cycles_elapsed.avg,cycle,"4,276.72"
424,129989,pinn,127.0.0.1,"void at::native::vectorized_elementwise_kernel<(int)4, at::native::BUnaryFunctor<float, float, float, at::native::MulFunctor<float>>, at::detail::Array<char *, (int)2>>(int, T2, T3)",2022-Sep-16 13:47:09,1,7,Command line profiler metrics,sm__cycles_elapsed.avg.per_second,cycle/second,"1,392,162,181.71"
425,129989,pinn,127.0.0.1,"void at::native::vectorized_elementwise_kernel<(int)4, at::native::BinaryFunctor<float, float, float, at::native::MulFunctor<float>>, at::detail::Array<char *, (int)3>>(int, T2, T3)",2022-Sep-16 13:47:09,1,7,Command line profiler metrics,sm__cycles_elapsed.avg,cycle,"4,571.24"
425,129989,pinn,127.0.0.1,"void at::native::vectorized_elementwise_kernel<(int)4, at::native::BinaryFunctor<float, float, float, at::native::MulFunctor<float>>, at::detail::Array<char *, (int)3>>(int, T2, T3)",2022-Sep-16 13:47:09,1,7,Command line profiler metrics,sm__cycles_elapsed.avg.per_second,cycle/second,"1,386,905,564.55"
426,129989,pinn,127.0.0.1,"void at::native::vectorized_elementwise_kernel<(int)4, at::native::BinaryFunctor<float, float, float, at::native::MulFunctor<float>>, at::detail::Array<char *, (int)3>>(int, T2, T3)",2022-Sep-16 13:47:09,1,7,Command line profiler metrics,sm__cycles_elapsed.avg,cycle,"4,918.81"
426,129989,pinn,127.0.0.1,"void at::native::vectorized_elementwise_kernel<(int)4, at::native::BinaryFunctor<float, float, float, at::native::MulFunctor<float>>, at::detail::Array<char *, (int)3>>(int, T2, T3)",2022-Sep-16 13:47:09,1,7,Command line profiler metrics,sm__cycles_elapsed.avg.per_second,cycle/second,"1,384,801,468.13"
427,129989,pinn,127.0.0.1,"void at::native::vectorized_elementwise_kernel<(int)4, at::native::CUDAFunctor_add<float>, at::detail::Array<char *, (int)3>>(int, T2, T3)",2022-Sep-16 13:47:09,1,7,Command line profiler metrics,sm__cycles_elapsed.avg,cycle,"4,658.13"
427,129989,pinn,127.0.0.1,"void at::native::vectorized_elementwise_kernel<(int)4, at::native::CUDAFunctor_add<float>, at::detail::Array<char *, (int)3>>(int, T2, T3)",2022-Sep-16 13:47:09,1,7,Command line profiler metrics,sm__cycles_elapsed.avg.per_second,cycle/second,"1,386,348,104.06"
428,129989,pinn,127.0.0.1,"void at::native::vectorized_elementwise_kernel<(int)4, at::native::CUDAFunctor_add<float>, at::detail::Array<char *, (int)3>>(int, T2, T3)",2022-Sep-16 13:47:09,1,7,Command line profiler metrics,sm__cycles_elapsed.avg,cycle,"4,452.41"
428,129989,pinn,127.0.0.1,"void at::native::vectorized_elementwise_kernel<(int)4, at::native::CUDAFunctor_add<float>, at::detail::Array<char *, (int)3>>(int, T2, T3)",2022-Sep-16 13:47:09,1,7,Command line profiler metrics,sm__cycles_elapsed.avg.per_second,cycle/second,"1,391,377,314.81"
429,129989,pinn,127.0.0.1,ampere_sgemm_32x32_sliced1x4_nt,2022-Sep-16 13:47:09,1,7,Command line profiler metrics,sm__cycles_elapsed.avg,cycle,"177,194"
429,129989,pinn,127.0.0.1,ampere_sgemm_32x32_sliced1x4_nt,2022-Sep-16 13:47:09,1,7,Command line profiler metrics,sm__cycles_elapsed.avg.per_second,cycle/second,"1,409,343,980.66"
430,129989,pinn,127.0.0.1,ampere_sgemm_32x128_tn,2022-Sep-16 13:47:09,1,7,Command line profiler metrics,sm__cycles_elapsed.avg,cycle,"9,059.65"
430,129989,pinn,127.0.0.1,ampere_sgemm_32x128_tn,2022-Sep-16 13:47:09,1,7,Command line profiler metrics,sm__cycles_elapsed.avg.per_second,cycle/second,"1,394,650,269.11"
431,129989,pinn,127.0.0.1,"void at::native::vectorized_elementwise_kernel<(int)4, at::native::CUDAFunctor_add<float>, at::detail::Array<char *, (int)3>>(int, T2, T3)",2022-Sep-16 13:47:09,1,7,Command line profiler metrics,sm__cycles_elapsed.avg,cycle,"3,856.87"
431,129989,pinn,127.0.0.1,"void at::native::vectorized_elementwise_kernel<(int)4, at::native::CUDAFunctor_add<float>, at::detail::Array<char *, (int)3>>(int, T2, T3)",2022-Sep-16 13:47:09,1,7,Command line profiler metrics,sm__cycles_elapsed.avg.per_second,cycle/second,"1,401,479,059.00"
432,129989,pinn,127.0.0.1,"void at::native::vectorized_elementwise_kernel<(int)4, at::native::CUDAFunctor_add<float>, at::detail::Array<char *, (int)3>>(int, T2, T3)",2022-Sep-16 13:47:09,1,7,Command line profiler metrics,sm__cycles_elapsed.avg,cycle,"3,467.44"
432,129989,pinn,127.0.0.1,"void at::native::vectorized_elementwise_kernel<(int)4, at::native::CUDAFunctor_add<float>, at::detail::Array<char *, (int)3>>(int, T2, T3)",2022-Sep-16 13:47:09,1,7,Command line profiler metrics,sm__cycles_elapsed.avg.per_second,cycle/second,"1,389,200,498.58"
433,129989,pinn,127.0.0.1,"void at::native::vectorized_elementwise_kernel<(int)4, at::native::tanh_backward_kernel_cuda(at::TensorIteratorBase &)::[lambda() (instance 2)]::operator ()() const::[lambda() (instance 4)]::operator ()() const::[lambda(float, float) (instance 1)], at::detail::Array<char *, (int)3>>(int, T2, T3)",2022-Sep-16 13:47:10,1,7,Command line profiler metrics,sm__cycles_elapsed.avg,cycle,"4,762.74"
433,129989,pinn,127.0.0.1,"void at::native::vectorized_elementwise_kernel<(int)4, at::native::tanh_backward_kernel_cuda(at::TensorIteratorBase &)::[lambda() (instance 2)]::operator ()() const::[lambda() (instance 4)]::operator ()() const::[lambda(float, float) (instance 1)], at::detail::Array<char *, (int)3>>(int, T2, T3)",2022-Sep-16 13:47:10,1,7,Command line profiler metrics,sm__cycles_elapsed.avg.per_second,cycle/second,"1,390,987,365.87"
434,129989,pinn,127.0.0.1,"void at::native::vectorized_elementwise_kernel<(int)4, at::native::BUnaryFunctor<float, float, float, at::native::MulFunctor<float>>, at::detail::Array<char *, (int)2>>(int, T2, T3)",2022-Sep-16 13:47:10,1,7,Command line profiler metrics,sm__cycles_elapsed.avg,cycle,"4,317.65"
434,129989,pinn,127.0.0.1,"void at::native::vectorized_elementwise_kernel<(int)4, at::native::BUnaryFunctor<float, float, float, at::native::MulFunctor<float>>, at::detail::Array<char *, (int)2>>(int, T2, T3)",2022-Sep-16 13:47:10,1,7,Command line profiler metrics,sm__cycles_elapsed.avg.per_second,cycle/second,"1,376,801,067.65"
435,129989,pinn,127.0.0.1,"void at::native::vectorized_elementwise_kernel<(int)4, at::native::BinaryFunctor<float, float, float, at::native::MulFunctor<float>>, at::detail::Array<char *, (int)3>>(int, T2, T3)",2022-Sep-16 13:47:10,1,7,Command line profiler metrics,sm__cycles_elapsed.avg,cycle,"4,595.33"
435,129989,pinn,127.0.0.1,"void at::native::vectorized_elementwise_kernel<(int)4, at::native::BinaryFunctor<float, float, float, at::native::MulFunctor<float>>, at::detail::Array<char *, (int)3>>(int, T2, T3)",2022-Sep-16 13:47:10,1,7,Command line profiler metrics,sm__cycles_elapsed.avg.per_second,cycle/second,"1,380,809,294.87"
436,129989,pinn,127.0.0.1,"void at::native::vectorized_elementwise_kernel<(int)4, at::native::BinaryFunctor<float, float, float, at::native::MulFunctor<float>>, at::detail::Array<char *, (int)3>>(int, T2, T3)",2022-Sep-16 13:47:10,1,7,Command line profiler metrics,sm__cycles_elapsed.avg,cycle,"4,724.65"
436,129989,pinn,127.0.0.1,"void at::native::vectorized_elementwise_kernel<(int)4, at::native::BinaryFunctor<float, float, float, at::native::MulFunctor<float>>, at::detail::Array<char *, (int)3>>(int, T2, T3)",2022-Sep-16 13:47:10,1,7,Command line profiler metrics,sm__cycles_elapsed.avg.per_second,cycle/second,"1,379,862,192.80"
437,129989,pinn,127.0.0.1,"void at::native::vectorized_elementwise_kernel<(int)4, at::native::CUDAFunctor_add<float>, at::detail::Array<char *, (int)3>>(int, T2, T3)",2022-Sep-16 13:47:10,1,7,Command line profiler metrics,sm__cycles_elapsed.avg,cycle,"4,601.54"
437,129989,pinn,127.0.0.1,"void at::native::vectorized_elementwise_kernel<(int)4, at::native::CUDAFunctor_add<float>, at::detail::Array<char *, (int)3>>(int, T2, T3)",2022-Sep-16 13:47:10,1,7,Command line profiler metrics,sm__cycles_elapsed.avg.per_second,cycle/second,"1,396,097,402.01"
438,129989,pinn,127.0.0.1,"void at::native::vectorized_elementwise_kernel<(int)4, at::native::CUDAFunctor_add<float>, at::detail::Array<char *, (int)3>>(int, T2, T3)",2022-Sep-16 13:47:10,1,7,Command line profiler metrics,sm__cycles_elapsed.avg,cycle,"4,788.54"
438,129989,pinn,127.0.0.1,"void at::native::vectorized_elementwise_kernel<(int)4, at::native::CUDAFunctor_add<float>, at::detail::Array<char *, (int)3>>(int, T2, T3)",2022-Sep-16 13:47:10,1,7,Command line profiler metrics,sm__cycles_elapsed.avg.per_second,cycle/second,"1,398,521,330.91"
439,129989,pinn,127.0.0.1,ampere_sgemm_32x32_sliced1x4_nt,2022-Sep-16 13:47:10,1,7,Command line profiler metrics,sm__cycles_elapsed.avg,cycle,"176,379.26"
439,129989,pinn,127.0.0.1,ampere_sgemm_32x32_sliced1x4_nt,2022-Sep-16 13:47:10,1,7,Command line profiler metrics,sm__cycles_elapsed.avg.per_second,cycle/second,"1,409,320,340.54"
440,129989,pinn,127.0.0.1,ampere_sgemm_32x128_tn,2022-Sep-16 13:47:10,1,7,Command line profiler metrics,sm__cycles_elapsed.avg,cycle,"8,831.65"
440,129989,pinn,127.0.0.1,ampere_sgemm_32x128_tn,2022-Sep-16 13:47:10,1,7,Command line profiler metrics,sm__cycles_elapsed.avg.per_second,cycle/second,"1,400,959,414.36"
441,129989,pinn,127.0.0.1,"void at::native::vectorized_elementwise_kernel<(int)4, at::native::CUDAFunctor_add<float>, at::detail::Array<char *, (int)3>>(int, T2, T3)",2022-Sep-16 13:47:10,1,7,Command line profiler metrics,sm__cycles_elapsed.avg,cycle,"3,665.17"
441,129989,pinn,127.0.0.1,"void at::native::vectorized_elementwise_kernel<(int)4, at::native::CUDAFunctor_add<float>, at::detail::Array<char *, (int)3>>(int, T2, T3)",2022-Sep-16 13:47:10,1,7,Command line profiler metrics,sm__cycles_elapsed.avg.per_second,cycle/second,"1,379,957,329.32"
442,129989,pinn,127.0.0.1,"void at::native::vectorized_elementwise_kernel<(int)4, at::native::CUDAFunctor_add<float>, at::detail::Array<char *, (int)3>>(int, T2, T3)",2022-Sep-16 13:47:10,1,7,Command line profiler metrics,sm__cycles_elapsed.avg,cycle,"3,646.13"
442,129989,pinn,127.0.0.1,"void at::native::vectorized_elementwise_kernel<(int)4, at::native::CUDAFunctor_add<float>, at::detail::Array<char *, (int)3>>(int, T2, T3)",2022-Sep-16 13:47:10,1,7,Command line profiler metrics,sm__cycles_elapsed.avg.per_second,cycle/second,"1,389,531,108.85"
443,129989,pinn,127.0.0.1,"void at::native::vectorized_elementwise_kernel<(int)4, at::native::tanh_backward_kernel_cuda(at::TensorIteratorBase &)::[lambda() (instance 2)]::operator ()() const::[lambda() (instance 4)]::operator ()() const::[lambda(float, float) (instance 1)], at::detail::Array<char *, (int)3>>(int, T2, T3)",2022-Sep-16 13:47:10,1,7,Command line profiler metrics,sm__cycles_elapsed.avg,cycle,"4,832.67"
443,129989,pinn,127.0.0.1,"void at::native::vectorized_elementwise_kernel<(int)4, at::native::tanh_backward_kernel_cuda(at::TensorIteratorBase &)::[lambda() (instance 2)]::operator ()() const::[lambda() (instance 4)]::operator ()() const::[lambda(float, float) (instance 1)], at::detail::Array<char *, (int)3>>(int, T2, T3)",2022-Sep-16 13:47:10,1,7,Command line profiler metrics,sm__cycles_elapsed.avg.per_second,cycle/second,"1,385,512,232.42"
444,129989,pinn,127.0.0.1,"void at::native::vectorized_elementwise_kernel<(int)4, at::native::BUnaryFunctor<float, float, float, at::native::MulFunctor<float>>, at::detail::Array<char *, (int)2>>(int, T2, T3)",2022-Sep-16 13:47:10,1,7,Command line profiler metrics,sm__cycles_elapsed.avg,cycle,"4,314.06"
444,129989,pinn,127.0.0.1,"void at::native::vectorized_elementwise_kernel<(int)4, at::native::BUnaryFunctor<float, float, float, at::native::MulFunctor<float>>, at::detail::Array<char *, (int)2>>(int, T2, T3)",2022-Sep-16 13:47:10,1,7,Command line profiler metrics,sm__cycles_elapsed.avg.per_second,cycle/second,"1,389,837,485.68"
445,129989,pinn,127.0.0.1,"void at::native::vectorized_elementwise_kernel<(int)4, at::native::BinaryFunctor<float, float, float, at::native::MulFunctor<float>>, at::detail::Array<char *, (int)3>>(int, T2, T3)",2022-Sep-16 13:47:10,1,7,Command line profiler metrics,sm__cycles_elapsed.avg,cycle,"4,609.96"
445,129989,pinn,127.0.0.1,"void at::native::vectorized_elementwise_kernel<(int)4, at::native::BinaryFunctor<float, float, float, at::native::MulFunctor<float>>, at::detail::Array<char *, (int)3>>(int, T2, T3)",2022-Sep-16 13:47:10,1,7,Command line profiler metrics,sm__cycles_elapsed.avg.per_second,cycle/second,"1,385,205,217.24"
446,129989,pinn,127.0.0.1,"void at::native::vectorized_elementwise_kernel<(int)4, at::native::BinaryFunctor<float, float, float, at::native::MulFunctor<float>>, at::detail::Array<char *, (int)3>>(int, T2, T3)",2022-Sep-16 13:47:10,1,7,Command line profiler metrics,sm__cycles_elapsed.avg,cycle,"4,773.17"
446,129989,pinn,127.0.0.1,"void at::native::vectorized_elementwise_kernel<(int)4, at::native::BinaryFunctor<float, float, float, at::native::MulFunctor<float>>, at::detail::Array<char *, (int)3>>(int, T2, T3)",2022-Sep-16 13:47:10,1,7,Command line profiler metrics,sm__cycles_elapsed.avg.per_second,cycle/second,"1,381,124,614.20"
447,129989,pinn,127.0.0.1,"void at::native::vectorized_elementwise_kernel<(int)4, at::native::CUDAFunctor_add<float>, at::detail::Array<char *, (int)3>>(int, T2, T3)",2022-Sep-16 13:47:10,1,7,Command line profiler metrics,sm__cycles_elapsed.avg,cycle,"4,433.54"
447,129989,pinn,127.0.0.1,"void at::native::vectorized_elementwise_kernel<(int)4, at::native::CUDAFunctor_add<float>, at::detail::Array<char *, (int)3>>(int, T2, T3)",2022-Sep-16 13:47:10,1,7,Command line profiler metrics,sm__cycles_elapsed.avg.per_second,cycle/second,"1,385,480,324.07"
448,129989,pinn,127.0.0.1,"void at::native::vectorized_elementwise_kernel<(int)4, at::native::CUDAFunctor_add<float>, at::detail::Array<char *, (int)3>>(int, T2, T3)",2022-Sep-16 13:47:10,1,7,Command line profiler metrics,sm__cycles_elapsed.avg,cycle,"4,706.41"
448,129989,pinn,127.0.0.1,"void at::native::vectorized_elementwise_kernel<(int)4, at::native::CUDAFunctor_add<float>, at::detail::Array<char *, (int)3>>(int, T2, T3)",2022-Sep-16 13:47:10,1,7,Command line profiler metrics,sm__cycles_elapsed.avg.per_second,cycle/second,"1,387,502,183.79"
449,129989,pinn,127.0.0.1,ampere_sgemm_32x32_sliced1x4_nt,2022-Sep-16 13:47:10,1,7,Command line profiler metrics,sm__cycles_elapsed.avg,cycle,"175,562.24"
449,129989,pinn,127.0.0.1,ampere_sgemm_32x32_sliced1x4_nt,2022-Sep-16 13:47:10,1,7,Command line profiler metrics,sm__cycles_elapsed.avg.per_second,cycle/second,"1,407,831,671.32"
450,129989,pinn,127.0.0.1,ampere_sgemm_32x128_tn,2022-Sep-16 13:47:10,1,7,Command line profiler metrics,sm__cycles_elapsed.avg,cycle,"8,855.19"
450,129989,pinn,127.0.0.1,ampere_sgemm_32x128_tn,2022-Sep-16 13:47:10,1,7,Command line profiler metrics,sm__cycles_elapsed.avg.per_second,cycle/second,"1,390,575,563.00"
451,129989,pinn,127.0.0.1,"void at::native::vectorized_elementwise_kernel<(int)4, at::native::CUDAFunctor_add<float>, at::detail::Array<char *, (int)3>>(int, T2, T3)",2022-Sep-16 13:47:10,1,7,Command line profiler metrics,sm__cycles_elapsed.avg,cycle,"3,646.43"
451,129989,pinn,127.0.0.1,"void at::native::vectorized_elementwise_kernel<(int)4, at::native::CUDAFunctor_add<float>, at::detail::Array<char *, (int)3>>(int, T2, T3)",2022-Sep-16 13:47:10,1,7,Command line profiler metrics,sm__cycles_elapsed.avg.per_second,cycle/second,"1,389,644,026.65"
452,129989,pinn,127.0.0.1,"void at::native::vectorized_elementwise_kernel<(int)4, at::native::CUDAFunctor_add<float>, at::detail::Array<char *, (int)3>>(int, T2, T3)",2022-Sep-16 13:47:10,1,7,Command line profiler metrics,sm__cycles_elapsed.avg,cycle,"3,991.59"
452,129989,pinn,127.0.0.1,"void at::native::vectorized_elementwise_kernel<(int)4, at::native::CUDAFunctor_add<float>, at::detail::Array<char *, (int)3>>(int, T2, T3)",2022-Sep-16 13:47:10,1,7,Command line profiler metrics,sm__cycles_elapsed.avg.per_second,cycle/second,"1,385,969,650.21"
453,129989,pinn,127.0.0.1,"void at::native::vectorized_elementwise_kernel<(int)4, at::native::tanh_backward_kernel_cuda(at::TensorIteratorBase &)::[lambda() (instance 2)]::operator ()() const::[lambda() (instance 4)]::operator ()() const::[lambda(float, float) (instance 1)], at::detail::Array<char *, (int)3>>(int, T2, T3)",2022-Sep-16 13:47:10,1,7,Command line profiler metrics,sm__cycles_elapsed.avg,cycle,"4,710.50"
453,129989,pinn,127.0.0.1,"void at::native::vectorized_elementwise_kernel<(int)4, at::native::tanh_backward_kernel_cuda(at::TensorIteratorBase &)::[lambda() (instance 2)]::operator ()() const::[lambda() (instance 4)]::operator ()() const::[lambda(float, float) (instance 1)], at::detail::Array<char *, (int)3>>(int, T2, T3)",2022-Sep-16 13:47:10,1,7,Command line profiler metrics,sm__cycles_elapsed.avg.per_second,cycle/second,"1,388,708,726.42"
454,129989,pinn,127.0.0.1,"void at::native::vectorized_elementwise_kernel<(int)4, at::native::BUnaryFunctor<float, float, float, at::native::MulFunctor<float>>, at::detail::Array<char *, (int)2>>(int, T2, T3)",2022-Sep-16 13:47:10,1,7,Command line profiler metrics,sm__cycles_elapsed.avg,cycle,"4,351.22"
454,129989,pinn,127.0.0.1,"void at::native::vectorized_elementwise_kernel<(int)4, at::native::BUnaryFunctor<float, float, float, at::native::MulFunctor<float>>, at::detail::Array<char *, (int)2>>(int, T2, T3)",2022-Sep-16 13:47:10,1,7,Command line profiler metrics,sm__cycles_elapsed.avg.per_second,cycle/second,"1,373,491,863.08"
455,129989,pinn,127.0.0.1,"void at::native::vectorized_elementwise_kernel<(int)4, at::native::BinaryFunctor<float, float, float, at::native::MulFunctor<float>>, at::detail::Array<char *, (int)3>>(int, T2, T3)",2022-Sep-16 13:47:10,1,7,Command line profiler metrics,sm__cycles_elapsed.avg,cycle,"4,584.93"
455,129989,pinn,127.0.0.1,"void at::native::vectorized_elementwise_kernel<(int)4, at::native::BinaryFunctor<float, float, float, at::native::MulFunctor<float>>, at::detail::Array<char *, (int)3>>(int, T2, T3)",2022-Sep-16 13:47:10,1,7,Command line profiler metrics,sm__cycles_elapsed.avg.per_second,cycle/second,"1,391,057,623.16"
456,129989,pinn,127.0.0.1,"void at::native::vectorized_elementwise_kernel<(int)4, at::native::BinaryFunctor<float, float, float, at::native::MulFunctor<float>>, at::detail::Array<char *, (int)3>>(int, T2, T3)",2022-Sep-16 13:47:10,1,7,Command line profiler metrics,sm__cycles_elapsed.avg,cycle,"4,589.46"
456,129989,pinn,127.0.0.1,"void at::native::vectorized_elementwise_kernel<(int)4, at::native::BinaryFunctor<float, float, float, at::native::MulFunctor<float>>, at::detail::Array<char *, (int)3>>(int, T2, T3)",2022-Sep-16 13:47:10,1,7,Command line profiler metrics,sm__cycles_elapsed.avg.per_second,cycle/second,"1,392,434,151.38"
457,129989,pinn,127.0.0.1,"void at::native::vectorized_elementwise_kernel<(int)4, at::native::CUDAFunctor_add<float>, at::detail::Array<char *, (int)3>>(int, T2, T3)",2022-Sep-16 13:47:10,1,7,Command line profiler metrics,sm__cycles_elapsed.avg,cycle,"4,636.22"
457,129989,pinn,127.0.0.1,"void at::native::vectorized_elementwise_kernel<(int)4, at::native::CUDAFunctor_add<float>, at::detail::Array<char *, (int)3>>(int, T2, T3)",2022-Sep-16 13:47:10,1,7,Command line profiler metrics,sm__cycles_elapsed.avg.per_second,cycle/second,"1,379,828,042.33"
458,129989,pinn,127.0.0.1,"void at::native::vectorized_elementwise_kernel<(int)4, at::native::CUDAFunctor_add<float>, at::detail::Array<char *, (int)3>>(int, T2, T3)",2022-Sep-16 13:47:10,1,7,Command line profiler metrics,sm__cycles_elapsed.avg,cycle,"4,640.19"
458,129989,pinn,127.0.0.1,"void at::native::vectorized_elementwise_kernel<(int)4, at::native::CUDAFunctor_add<float>, at::detail::Array<char *, (int)3>>(int, T2, T3)",2022-Sep-16 13:47:10,1,7,Command line profiler metrics,sm__cycles_elapsed.avg.per_second,cycle/second,"1,394,286,413.82"
459,129989,pinn,127.0.0.1,"void at::native::vectorized_elementwise_kernel<(int)4, at::native::tanh_backward_kernel_cuda(at::TensorIteratorBase &)::[lambda() (instance 2)]::operator ()() const::[lambda() (instance 4)]::operator ()() const::[lambda(float, float) (instance 1)], at::detail::Array<char *, (int)3>>(int, T2, T3)",2022-Sep-16 13:47:10,1,7,Command line profiler metrics,sm__cycles_elapsed.avg,cycle,"4,597.81"
459,129989,pinn,127.0.0.1,"void at::native::vectorized_elementwise_kernel<(int)4, at::native::tanh_backward_kernel_cuda(at::TensorIteratorBase &)::[lambda() (instance 2)]::operator ()() const::[lambda() (instance 4)]::operator ()() const::[lambda(float, float) (instance 1)], at::detail::Array<char *, (int)3>>(int, T2, T3)",2022-Sep-16 13:47:10,1,7,Command line profiler metrics,sm__cycles_elapsed.avg.per_second,cycle/second,"1,381,554,932.34"
460,129989,pinn,127.0.0.1,ampere_sgemm_32x128_nn,2022-Sep-16 13:47:10,1,7,Command line profiler metrics,sm__cycles_elapsed.avg,cycle,"9,095.76"
460,129989,pinn,127.0.0.1,ampere_sgemm_32x128_nn,2022-Sep-16 13:47:10,1,7,Command line profiler metrics,sm__cycles_elapsed.avg.per_second,cycle/second,"1,393,345,474.76"
461,129989,pinn,127.0.0.1,ampere_sgemm_32x32_sliced1x4_nt,2022-Sep-16 13:47:10,1,7,Command line profiler metrics,sm__cycles_elapsed.avg,cycle,"178,502.41"
461,129989,pinn,127.0.0.1,ampere_sgemm_32x32_sliced1x4_nt,2022-Sep-16 13:47:10,1,7,Command line profiler metrics,sm__cycles_elapsed.avg.per_second,cycle/second,"1,409,348,214.12"
462,129989,pinn,127.0.0.1,"void at::native::reduce_kernel<(int)128, (int)4, at::native::ReduceOp<float, at::native::func_wrapper_t<float, at::native::sum_functor<float, float, float>::operator ()(at::TensorIterator &)::[lambda(float, float) (instance 1)]>, unsigned int, float, (int)4>>(T3)",2022-Sep-16 13:47:10,1,7,Command line profiler metrics,sm__cycles_elapsed.avg,cycle,"33,493.09"
462,129989,pinn,127.0.0.1,"void at::native::reduce_kernel<(int)128, (int)4, at::native::ReduceOp<float, at::native::func_wrapper_t<float, at::native::sum_functor<float, float, float>::operator ()(at::TensorIterator &)::[lambda(float, float) (instance 1)]>, unsigned int, float, (int)4>>(T3)",2022-Sep-16 13:47:10,1,7,Command line profiler metrics,sm__cycles_elapsed.avg.per_second,cycle/second,"1,406,799,924.08"
463,129989,pinn,127.0.0.1,"void at::native::vectorized_elementwise_kernel<(int)4, at::native::CUDAFunctor_add<float>, at::detail::Array<char *, (int)3>>(int, T2, T3)",2022-Sep-16 13:47:10,1,7,Command line profiler metrics,sm__cycles_elapsed.avg,cycle,"3,916.70"
463,129989,pinn,127.0.0.1,"void at::native::vectorized_elementwise_kernel<(int)4, at::native::CUDAFunctor_add<float>, at::detail::Array<char *, (int)3>>(int, T2, T3)",2022-Sep-16 13:47:10,1,7,Command line profiler metrics,sm__cycles_elapsed.avg.per_second,cycle/second,"1,390,874,894.78"
464,129989,pinn,127.0.0.1,"void at::native::vectorized_elementwise_kernel<(int)4, at::native::CUDAFunctor_add<float>, at::detail::Array<char *, (int)3>>(int, T2, T3)",2022-Sep-16 13:47:10,1,7,Command line profiler metrics,sm__cycles_elapsed.avg,cycle,"4,680.07"
464,129989,pinn,127.0.0.1,"void at::native::vectorized_elementwise_kernel<(int)4, at::native::CUDAFunctor_add<float>, at::detail::Array<char *, (int)3>>(int, T2, T3)",2022-Sep-16 13:47:10,1,7,Command line profiler metrics,sm__cycles_elapsed.avg.per_second,cycle/second,"1,392,879,188.71"
465,129989,pinn,127.0.0.1,"void at::native::vectorized_elementwise_kernel<(int)4, at::native::CUDAFunctor_add<float>, at::detail::Array<char *, (int)3>>(int, T2, T3)",2022-Sep-16 13:47:10,1,7,Command line profiler metrics,sm__cycles_elapsed.avg,cycle,"3,643.43"
465,129989,pinn,127.0.0.1,"void at::native::vectorized_elementwise_kernel<(int)4, at::native::CUDAFunctor_add<float>, at::detail::Array<char *, (int)3>>(int, T2, T3)",2022-Sep-16 13:47:10,1,7,Command line profiler metrics,sm__cycles_elapsed.avg.per_second,cycle/second,"1,388,500,733.97"
466,129989,pinn,127.0.0.1,"void at::native::vectorized_elementwise_kernel<(int)4, at::native::CUDAFunctor_add<float>, at::detail::Array<char *, (int)3>>(int, T2, T3)",2022-Sep-16 13:47:10,1,7,Command line profiler metrics,sm__cycles_elapsed.avg,cycle,"3,618.13"
466,129989,pinn,127.0.0.1,"void at::native::vectorized_elementwise_kernel<(int)4, at::native::CUDAFunctor_add<float>, at::detail::Array<char *, (int)3>>(int, T2, T3)",2022-Sep-16 13:47:10,1,7,Command line profiler metrics,sm__cycles_elapsed.avg.per_second,cycle/second,"1,395,883,344.76"
467,129989,pinn,127.0.0.1,"void at::native::vectorized_elementwise_kernel<(int)4, at::native::tanh_backward_kernel_cuda(at::TensorIteratorBase &)::[lambda() (instance 2)]::operator ()() const::[lambda() (instance 4)]::operator ()() const::[lambda(float, float) (instance 1)], at::detail::Array<char *, (int)3>>(int, T2, T3)",2022-Sep-16 13:47:10,1,7,Command line profiler metrics,sm__cycles_elapsed.avg,cycle,"4,709.07"
467,129989,pinn,127.0.0.1,"void at::native::vectorized_elementwise_kernel<(int)4, at::native::tanh_backward_kernel_cuda(at::TensorIteratorBase &)::[lambda() (instance 2)]::operator ()() const::[lambda() (instance 4)]::operator ()() const::[lambda(float, float) (instance 1)], at::detail::Array<char *, (int)3>>(int, T2, T3)",2022-Sep-16 13:47:10,1,7,Command line profiler metrics,sm__cycles_elapsed.avg.per_second,cycle/second,"1,388,288,347.31"
468,129989,pinn,127.0.0.1,ampere_sgemm_32x128_nn,2022-Sep-16 13:47:10,1,7,Command line profiler metrics,sm__cycles_elapsed.avg,cycle,"8,905.48"
468,129989,pinn,127.0.0.1,ampere_sgemm_32x128_nn,2022-Sep-16 13:47:10,1,7,Command line profiler metrics,sm__cycles_elapsed.avg.per_second,cycle/second,"1,398,473,850.74"
469,129989,pinn,127.0.0.1,ampere_sgemm_32x32_sliced1x4_nt,2022-Sep-16 13:47:10,1,7,Command line profiler metrics,sm__cycles_elapsed.avg,cycle,"175,391.44"
469,129989,pinn,127.0.0.1,ampere_sgemm_32x32_sliced1x4_nt,2022-Sep-16 13:47:10,1,7,Command line profiler metrics,sm__cycles_elapsed.avg.per_second,cycle/second,"1,409,355,268.42"
470,129989,pinn,127.0.0.1,"void at::native::reduce_kernel<(int)128, (int)4, at::native::ReduceOp<float, at::native::func_wrapper_t<float, at::native::sum_functor<float, float, float>::operator ()(at::TensorIterator &)::[lambda(float, float) (instance 1)]>, unsigned int, float, (int)4>>(T3)",2022-Sep-16 13:47:10,1,7,Command line profiler metrics,sm__cycles_elapsed.avg,cycle,"31,692.76"
470,129989,pinn,127.0.0.1,"void at::native::reduce_kernel<(int)128, (int)4, at::native::ReduceOp<float, at::native::func_wrapper_t<float, at::native::sum_functor<float, float, float>::operator ()(at::TensorIterator &)::[lambda(float, float) (instance 1)]>, unsigned int, float, (int)4>>(T3)",2022-Sep-16 13:47:10,1,7,Command line profiler metrics,sm__cycles_elapsed.avg.per_second,cycle/second,"1,406,816,373.37"
471,129989,pinn,127.0.0.1,"void at::native::vectorized_elementwise_kernel<(int)4, at::native::CUDAFunctor_add<float>, at::detail::Array<char *, (int)3>>(int, T2, T3)",2022-Sep-16 13:47:10,1,7,Command line profiler metrics,sm__cycles_elapsed.avg,cycle,"3,692.69"
471,129989,pinn,127.0.0.1,"void at::native::vectorized_elementwise_kernel<(int)4, at::native::CUDAFunctor_add<float>, at::detail::Array<char *, (int)3>>(int, T2, T3)",2022-Sep-16 13:47:10,1,7,Command line profiler metrics,sm__cycles_elapsed.avg.per_second,cycle/second,"1,390,318,217.31"
472,129989,pinn,127.0.0.1,"void at::native::vectorized_elementwise_kernel<(int)4, at::native::CUDAFunctor_add<float>, at::detail::Array<char *, (int)3>>(int, T2, T3)",2022-Sep-16 13:47:10,1,7,Command line profiler metrics,sm__cycles_elapsed.avg,cycle,"4,423.78"
472,129989,pinn,127.0.0.1,"void at::native::vectorized_elementwise_kernel<(int)4, at::native::CUDAFunctor_add<float>, at::detail::Array<char *, (int)3>>(int, T2, T3)",2022-Sep-16 13:47:10,1,7,Command line profiler metrics,sm__cycles_elapsed.avg.per_second,cycle/second,"1,396,394,500.56"
473,129989,pinn,127.0.0.1,"void at::native::vectorized_elementwise_kernel<(int)4, at::native::CUDAFunctor_add<float>, at::detail::Array<char *, (int)3>>(int, T2, T3)",2022-Sep-16 13:47:10,1,7,Command line profiler metrics,sm__cycles_elapsed.avg,cycle,"3,600.69"
473,129989,pinn,127.0.0.1,"void at::native::vectorized_elementwise_kernel<(int)4, at::native::CUDAFunctor_add<float>, at::detail::Array<char *, (int)3>>(int, T2, T3)",2022-Sep-16 13:47:10,1,7,Command line profiler metrics,sm__cycles_elapsed.avg.per_second,cycle/second,"1,372,212,341.92"
474,129989,pinn,127.0.0.1,"void at::native::vectorized_elementwise_kernel<(int)4, at::native::CUDAFunctor_add<float>, at::detail::Array<char *, (int)3>>(int, T2, T3)",2022-Sep-16 13:47:10,1,7,Command line profiler metrics,sm__cycles_elapsed.avg,cycle,"3,572.41"
474,129989,pinn,127.0.0.1,"void at::native::vectorized_elementwise_kernel<(int)4, at::native::CUDAFunctor_add<float>, at::detail::Array<char *, (int)3>>(int, T2, T3)",2022-Sep-16 13:47:10,1,7,Command line profiler metrics,sm__cycles_elapsed.avg.per_second,cycle/second,"1,395,471,643.52"
475,129989,pinn,127.0.0.1,"void at::native::vectorized_elementwise_kernel<(int)4, at::native::tanh_backward_kernel_cuda(at::TensorIteratorBase &)::[lambda() (instance 2)]::operator ()() const::[lambda() (instance 4)]::operator ()() const::[lambda(float, float) (instance 1)], at::detail::Array<char *, (int)3>>(int, T2, T3)",2022-Sep-16 13:47:10,1,7,Command line profiler metrics,sm__cycles_elapsed.avg,cycle,"4,626.61"
475,129989,pinn,127.0.0.1,"void at::native::vectorized_elementwise_kernel<(int)4, at::native::tanh_backward_kernel_cuda(at::TensorIteratorBase &)::[lambda() (instance 2)]::operator ()() const::[lambda() (instance 4)]::operator ()() const::[lambda(float, float) (instance 1)], at::detail::Array<char *, (int)3>>(int, T2, T3)",2022-Sep-16 13:47:10,1,7,Command line profiler metrics,sm__cycles_elapsed.avg.per_second,cycle/second,"1,390,207,665.60"
476,129989,pinn,127.0.0.1,ampere_sgemm_32x128_nn,2022-Sep-16 13:47:10,1,7,Command line profiler metrics,sm__cycles_elapsed.avg,cycle,"8,959.98"
476,129989,pinn,127.0.0.1,ampere_sgemm_32x128_nn,2022-Sep-16 13:47:10,1,7,Command line profiler metrics,sm__cycles_elapsed.avg.per_second,cycle/second,"1,386,135,748.99"
477,129989,pinn,127.0.0.1,ampere_sgemm_32x32_sliced1x4_nt,2022-Sep-16 13:47:10,1,7,Command line profiler metrics,sm__cycles_elapsed.avg,cycle,"176,606.07"
477,129989,pinn,127.0.0.1,ampere_sgemm_32x32_sliced1x4_nt,2022-Sep-16 13:47:10,1,7,Command line profiler metrics,sm__cycles_elapsed.avg.per_second,cycle/second,"1,407,533,745.17"
478,129989,pinn,127.0.0.1,"void at::native::reduce_kernel<(int)128, (int)4, at::native::ReduceOp<float, at::native::func_wrapper_t<float, at::native::sum_functor<float, float, float>::operator ()(at::TensorIterator &)::[lambda(float, float) (instance 1)]>, unsigned int, float, (int)4>>(T3)",2022-Sep-16 13:47:10,1,7,Command line profiler metrics,sm__cycles_elapsed.avg,cycle,"32,023.61"
478,129989,pinn,127.0.0.1,"void at::native::reduce_kernel<(int)128, (int)4, at::native::ReduceOp<float, at::native::func_wrapper_t<float, at::native::sum_functor<float, float, float>::operator ()(at::TensorIterator &)::[lambda(float, float) (instance 1)]>, unsigned int, float, (int)4>>(T3)",2022-Sep-16 13:47:10,1,7,Command line profiler metrics,sm__cycles_elapsed.avg.per_second,cycle/second,"1,405,530,684.30"
479,129989,pinn,127.0.0.1,"void at::native::vectorized_elementwise_kernel<(int)4, at::native::CUDAFunctor_add<float>, at::detail::Array<char *, (int)3>>(int, T2, T3)",2022-Sep-16 13:47:10,1,7,Command line profiler metrics,sm__cycles_elapsed.avg,cycle,"3,733.43"
479,129989,pinn,127.0.0.1,"void at::native::vectorized_elementwise_kernel<(int)4, at::native::CUDAFunctor_add<float>, at::detail::Array<char *, (int)3>>(int, T2, T3)",2022-Sep-16 13:47:10,1,7,Command line profiler metrics,sm__cycles_elapsed.avg.per_second,cycle/second,"1,388,923,335.54"
480,129989,pinn,127.0.0.1,"void at::native::vectorized_elementwise_kernel<(int)4, at::native::CUDAFunctor_add<float>, at::detail::Array<char *, (int)3>>(int, T2, T3)",2022-Sep-16 13:47:10,1,7,Command line profiler metrics,sm__cycles_elapsed.avg,cycle,"4,609.07"
480,129989,pinn,127.0.0.1,"void at::native::vectorized_elementwise_kernel<(int)4, at::native::CUDAFunctor_add<float>, at::detail::Array<char *, (int)3>>(int, T2, T3)",2022-Sep-16 13:47:10,1,7,Command line profiler metrics,sm__cycles_elapsed.avg.per_second,cycle/second,"1,384,938,123.22"
481,129989,pinn,127.0.0.1,"void at::native::vectorized_elementwise_kernel<(int)4, at::native::CUDAFunctor_add<float>, at::detail::Array<char *, (int)3>>(int, T2, T3)",2022-Sep-16 13:47:10,1,7,Command line profiler metrics,sm__cycles_elapsed.avg,cycle,"3,615.85"
481,129989,pinn,127.0.0.1,"void at::native::vectorized_elementwise_kernel<(int)4, at::native::CUDAFunctor_add<float>, at::detail::Array<char *, (int)3>>(int, T2, T3)",2022-Sep-16 13:47:10,1,7,Command line profiler metrics,sm__cycles_elapsed.avg.per_second,cycle/second,"1,395,004,572.47"
482,129989,pinn,127.0.0.1,"void at::native::vectorized_elementwise_kernel<(int)4, at::native::CUDAFunctor_add<float>, at::detail::Array<char *, (int)3>>(int, T2, T3)",2022-Sep-16 13:47:10,1,7,Command line profiler metrics,sm__cycles_elapsed.avg,cycle,"3,659.43"
482,129989,pinn,127.0.0.1,"void at::native::vectorized_elementwise_kernel<(int)4, at::native::CUDAFunctor_add<float>, at::detail::Array<char *, (int)3>>(int, T2, T3)",2022-Sep-16 13:47:10,1,7,Command line profiler metrics,sm__cycles_elapsed.avg.per_second,cycle/second,"1,394,598,294.94"
483,129989,pinn,127.0.0.1,"void at::native::vectorized_elementwise_kernel<(int)4, at::native::tanh_backward_kernel_cuda(at::TensorIteratorBase &)::[lambda() (instance 2)]::operator ()() const::[lambda() (instance 4)]::operator ()() const::[lambda(float, float) (instance 1)], at::detail::Array<char *, (int)3>>(int, T2, T3)",2022-Sep-16 13:47:10,1,7,Command line profiler metrics,sm__cycles_elapsed.avg,cycle,"4,491.80"
483,129989,pinn,127.0.0.1,"void at::native::vectorized_elementwise_kernel<(int)4, at::native::tanh_backward_kernel_cuda(at::TensorIteratorBase &)::[lambda() (instance 2)]::operator ()() const::[lambda() (instance 4)]::operator ()() const::[lambda(float, float) (instance 1)], at::detail::Array<char *, (int)3>>(int, T2, T3)",2022-Sep-16 13:47:10,1,7,Command line profiler metrics,sm__cycles_elapsed.avg.per_second,cycle/second,"1,389,788,458.01"
484,129989,pinn,127.0.0.1,ampere_sgemm_32x128_nn,2022-Sep-16 13:47:10,1,7,Command line profiler metrics,sm__cycles_elapsed.avg,cycle,"9,041.96"
484,129989,pinn,127.0.0.1,ampere_sgemm_32x128_nn,2022-Sep-16 13:47:10,1,7,Command line profiler metrics,sm__cycles_elapsed.avg.per_second,cycle/second,"1,391,927,796.02"
485,129989,pinn,127.0.0.1,ampere_sgemm_32x32_sliced1x4_nt,2022-Sep-16 13:47:10,1,7,Command line profiler metrics,sm__cycles_elapsed.avg,cycle,"175,711.43"
485,129989,pinn,127.0.0.1,ampere_sgemm_32x32_sliced1x4_nt,2022-Sep-16 13:47:10,1,7,Command line profiler metrics,sm__cycles_elapsed.avg.per_second,cycle/second,"1,409,389,645.84"
486,129989,pinn,127.0.0.1,"void at::native::reduce_kernel<(int)128, (int)4, at::native::ReduceOp<float, at::native::func_wrapper_t<float, at::native::sum_functor<float, float, float>::operator ()(at::TensorIterator &)::[lambda(float, float) (instance 1)]>, unsigned int, float, (int)4>>(T3)",2022-Sep-16 13:47:10,1,7,Command line profiler metrics,sm__cycles_elapsed.avg,cycle,"32,364.70"
486,129989,pinn,127.0.0.1,"void at::native::reduce_kernel<(int)128, (int)4, at::native::ReduceOp<float, at::native::func_wrapper_t<float, at::native::sum_functor<float, float, float>::operator ()(at::TensorIterator &)::[lambda(float, float) (instance 1)]>, unsigned int, float, (int)4>>(T3)",2022-Sep-16 13:47:10,1,7,Command line profiler metrics,sm__cycles_elapsed.avg.per_second,cycle/second,"1,408,630,906.32"
487,129989,pinn,127.0.0.1,"void at::native::vectorized_elementwise_kernel<(int)4, at::native::CUDAFunctor_add<float>, at::detail::Array<char *, (int)3>>(int, T2, T3)",2022-Sep-16 13:47:10,1,7,Command line profiler metrics,sm__cycles_elapsed.avg,cycle,"3,655.15"
487,129989,pinn,127.0.0.1,"void at::native::vectorized_elementwise_kernel<(int)4, at::native::CUDAFunctor_add<float>, at::detail::Array<char *, (int)3>>(int, T2, T3)",2022-Sep-16 13:47:10,1,7,Command line profiler metrics,sm__cycles_elapsed.avg.per_second,cycle/second,"1,392,968,044.26"
488,129989,pinn,127.0.0.1,"void at::native::vectorized_elementwise_kernel<(int)4, at::native::CUDAFunctor_add<float>, at::detail::Array<char *, (int)3>>(int, T2, T3)",2022-Sep-16 13:47:10,1,7,Command line profiler metrics,sm__cycles_elapsed.avg,cycle,"4,863.22"
488,129989,pinn,127.0.0.1,"void at::native::vectorized_elementwise_kernel<(int)4, at::native::CUDAFunctor_add<float>, at::detail::Array<char *, (int)3>>(int, T2, T3)",2022-Sep-16 13:47:10,1,7,Command line profiler metrics,sm__cycles_elapsed.avg.per_second,cycle/second,"1,394,272,426.10"
489,129989,pinn,127.0.0.1,"void at::native::vectorized_elementwise_kernel<(int)4, at::native::CUDAFunctor_add<float>, at::detail::Array<char *, (int)3>>(int, T2, T3)",2022-Sep-16 13:47:10,1,7,Command line profiler metrics,sm__cycles_elapsed.avg,cycle,"3,770.85"
489,129989,pinn,127.0.0.1,"void at::native::vectorized_elementwise_kernel<(int)4, at::native::CUDAFunctor_add<float>, at::detail::Array<char *, (int)3>>(int, T2, T3)",2022-Sep-16 13:47:10,1,7,Command line profiler metrics,sm__cycles_elapsed.avg.per_second,cycle/second,"1,386,342,592.59"
490,129989,pinn,127.0.0.1,"void at::native::vectorized_elementwise_kernel<(int)4, at::native::CUDAFunctor_add<float>, at::detail::Array<char *, (int)3>>(int, T2, T3)",2022-Sep-16 13:47:10,1,7,Command line profiler metrics,sm__cycles_elapsed.avg,cycle,"3,766"
490,129989,pinn,127.0.0.1,"void at::native::vectorized_elementwise_kernel<(int)4, at::native::CUDAFunctor_add<float>, at::detail::Array<char *, (int)3>>(int, T2, T3)",2022-Sep-16 13:47:10,1,7,Command line profiler metrics,sm__cycles_elapsed.avg.per_second,cycle/second,"1,060,247,747.75"
491,129989,pinn,127.0.0.1,"void at::native::vectorized_elementwise_kernel<(int)4, at::native::tanh_backward_kernel_cuda(at::TensorIteratorBase &)::[lambda() (instance 2)]::operator ()() const::[lambda() (instance 4)]::operator ()() const::[lambda(float, float) (instance 1)], at::detail::Array<char *, (int)3>>(int, T2, T3)",2022-Sep-16 13:47:10,1,7,Command line profiler metrics,sm__cycles_elapsed.avg,cycle,"4,541.65"
491,129989,pinn,127.0.0.1,"void at::native::vectorized_elementwise_kernel<(int)4, at::native::tanh_backward_kernel_cuda(at::TensorIteratorBase &)::[lambda() (instance 2)]::operator ()() const::[lambda() (instance 4)]::operator ()() const::[lambda(float, float) (instance 1)], at::detail::Array<char *, (int)3>>(int, T2, T3)",2022-Sep-16 13:47:10,1,7,Command line profiler metrics,sm__cycles_elapsed.avg.per_second,cycle/second,"1,391,436,319.90"
492,129989,pinn,127.0.0.1,ampere_sgemm_32x128_nn,2022-Sep-16 13:47:10,1,7,Command line profiler metrics,sm__cycles_elapsed.avg,cycle,"8,817.83"
492,129989,pinn,127.0.0.1,ampere_sgemm_32x128_nn,2022-Sep-16 13:47:10,1,7,Command line profiler metrics,sm__cycles_elapsed.avg.per_second,cycle/second,"1,398,767,978.00"
493,129989,pinn,127.0.0.1,ampere_sgemm_32x32_sliced1x4_nt,2022-Sep-16 13:47:10,1,7,Command line profiler metrics,sm__cycles_elapsed.avg,cycle,"168,327.30"
493,129989,pinn,127.0.0.1,ampere_sgemm_32x32_sliced1x4_nt,2022-Sep-16 13:47:10,1,7,Command line profiler metrics,sm__cycles_elapsed.avg.per_second,cycle/second,"1,409,493,035.71"
494,129989,pinn,127.0.0.1,"void at::native::reduce_kernel<(int)128, (int)4, at::native::ReduceOp<float, at::native::func_wrapper_t<float, at::native::sum_functor<float, float, float>::operator ()(at::TensorIterator &)::[lambda(float, float) (instance 1)]>, unsigned int, float, (int)4>>(T3)",2022-Sep-16 13:47:10,1,7,Command line profiler metrics,sm__cycles_elapsed.avg,cycle,"32,259.76"
494,129989,pinn,127.0.0.1,"void at::native::reduce_kernel<(int)128, (int)4, at::native::ReduceOp<float, at::native::func_wrapper_t<float, at::native::sum_functor<float, float, float>::operator ()(at::TensorIterator &)::[lambda(float, float) (instance 1)]>, unsigned int, float, (int)4>>(T3)",2022-Sep-16 13:47:10,1,7,Command line profiler metrics,sm__cycles_elapsed.avg.per_second,cycle/second,"1,407,985,302.87"
495,129989,pinn,127.0.0.1,"void at::native::vectorized_elementwise_kernel<(int)4, at::native::CUDAFunctor_add<float>, at::detail::Array<char *, (int)3>>(int, T2, T3)",2022-Sep-16 13:47:10,1,7,Command line profiler metrics,sm__cycles_elapsed.avg,cycle,"3,649.02"
495,129989,pinn,127.0.0.1,"void at::native::vectorized_elementwise_kernel<(int)4, at::native::CUDAFunctor_add<float>, at::detail::Array<char *, (int)3>>(int, T2, T3)",2022-Sep-16 13:47:10,1,7,Command line profiler metrics,sm__cycles_elapsed.avg.per_second,cycle/second,"1,390,632,057.36"
496,129989,pinn,127.0.0.1,"void at::native::vectorized_elementwise_kernel<(int)4, at::native::CUDAFunctor_add<float>, at::detail::Array<char *, (int)3>>(int, T2, T3)",2022-Sep-16 13:47:10,1,7,Command line profiler metrics,sm__cycles_elapsed.avg,cycle,"3,688.26"
496,129989,pinn,127.0.0.1,"void at::native::vectorized_elementwise_kernel<(int)4, at::native::CUDAFunctor_add<float>, at::detail::Array<char *, (int)3>>(int, T2, T3)",2022-Sep-16 13:47:10,1,7,Command line profiler metrics,sm__cycles_elapsed.avg.per_second,cycle/second,"1,388,651,829.54"
497,129989,pinn,127.0.0.1,"void at::native::vectorized_elementwise_kernel<(int)4, at::native::CUDAFunctor_add<float>, at::detail::Array<char *, (int)3>>(int, T2, T3)",2022-Sep-16 13:47:10,1,7,Command line profiler metrics,sm__cycles_elapsed.avg,cycle,"3,342.15"
497,129989,pinn,127.0.0.1,"void at::native::vectorized_elementwise_kernel<(int)4, at::native::CUDAFunctor_add<float>, at::detail::Array<char *, (int)3>>(int, T2, T3)",2022-Sep-16 13:47:10,1,7,Command line profiler metrics,sm__cycles_elapsed.avg.per_second,cycle/second,"1,392,561,728.40"
498,129989,pinn,127.0.0.1,"void gemvNSP_kernel<float, float, float, float, (int)1, (int)32, (int)4, (int)1024, cublasGemvParams<cublasGemvTensorStridedBatched<const float>, cublasGemvTensorStridedBatched<const float>, cublasGemvTensorStridedBatched<float>, float>>(T9)",2022-Sep-16 13:47:10,1,7,Command line profiler metrics,sm__cycles_elapsed.avg,cycle,"6,496.35"
498,129989,pinn,127.0.0.1,"void gemvNSP_kernel<float, float, float, float, (int)1, (int)32, (int)4, (int)1024, cublasGemvParams<cublasGemvTensorStridedBatched<const float>, cublasGemvTensorStridedBatched<const float>, cublasGemvTensorStridedBatched<float>, float>>(T9)",2022-Sep-16 13:47:10,1,7,Command line profiler metrics,sm__cycles_elapsed.avg.per_second,cycle/second,"1,390,486,269.66"
499,129989,pinn,127.0.0.1,"void splitKreduce_kernel<float, float, float, float, (bool)1, (bool)0>(cublasSplitKParams<T3>, const T1 *, const T2 *, T2 *, const T3 *, const T3 *, const T4 *, void *, long, T3 *, int *)",2022-Sep-16 13:47:10,1,7,Command line profiler metrics,sm__cycles_elapsed.avg,cycle,"6,454.44"
499,129989,pinn,127.0.0.1,"void splitKreduce_kernel<float, float, float, float, (bool)1, (bool)0>(cublasSplitKParams<T3>, const T1 *, const T2 *, T2 *, const T3 *, const T3 *, const T4 *, void *, long, T3 *, int *)",2022-Sep-16 13:47:10,1,7,Command line profiler metrics,sm__cycles_elapsed.avg.per_second,cycle/second,"1,400,704,089.51"
500,129989,pinn,127.0.0.1,"void at::native::vectorized_elementwise_kernel<(int)4, at::native::CUDAFunctor_add<float>, at::detail::Array<char *, (int)3>>(int, T2, T3)",2022-Sep-16 13:47:11,1,7,Command line profiler metrics,sm__cycles_elapsed.avg,cycle,"3,593.70"
500,129989,pinn,127.0.0.1,"void at::native::vectorized_elementwise_kernel<(int)4, at::native::CUDAFunctor_add<float>, at::detail::Array<char *, (int)3>>(int, T2, T3)",2022-Sep-16 13:47:11,1,7,Command line profiler metrics,sm__cycles_elapsed.avg.per_second,cycle/second,"1,386,459,762.23"
501,129989,pinn,127.0.0.1,"void at::native::vectorized_elementwise_kernel<(int)4, at::native::FillFunctor<float>, at::detail::Array<char *, (int)1>>(int, T2, T3)",2022-Sep-16 13:47:11,1,7,Command line profiler metrics,sm__cycles_elapsed.avg,cycle,"3,280.85"
501,129989,pinn,127.0.0.1,"void at::native::vectorized_elementwise_kernel<(int)4, at::native::FillFunctor<float>, at::detail::Array<char *, (int)1>>(int, T2, T3)",2022-Sep-16 13:47:11,1,7,Command line profiler metrics,sm__cycles_elapsed.avg.per_second,cycle/second,"1,385,494,869.87"
502,129989,pinn,127.0.0.1,"void at::native::vectorized_elementwise_kernel<(int)4, at::native::FillFunctor<float>, at::detail::Array<char *, (int)1>>(int, T2, T3)",2022-Sep-16 13:47:11,1,7,Command line profiler metrics,sm__cycles_elapsed.avg,cycle,"3,192.85"
502,129989,pinn,127.0.0.1,"void at::native::vectorized_elementwise_kernel<(int)4, at::native::FillFunctor<float>, at::detail::Array<char *, (int)1>>(int, T2, T3)",2022-Sep-16 13:47:11,1,7,Command line profiler metrics,sm__cycles_elapsed.avg.per_second,cycle/second,"1,385,786,394.03"
503,129989,pinn,127.0.0.1,"void at::native::vectorized_elementwise_kernel<(int)4, at::native::AUnaryFunctor<float, float, float, at::native::MulFunctor<float>>, at::detail::Array<char *, (int)2>>(int, T2, T3)",2022-Sep-16 13:47:11,1,7,Command line profiler metrics,sm__cycles_elapsed.avg,cycle,"3,669.85"
503,129989,pinn,127.0.0.1,"void at::native::vectorized_elementwise_kernel<(int)4, at::native::AUnaryFunctor<float, float, float, at::native::MulFunctor<float>>, at::detail::Array<char *, (int)2>>(int, T2, T3)",2022-Sep-16 13:47:11,1,7,Command line profiler metrics,sm__cycles_elapsed.avg.per_second,cycle/second,"1,381,721,329.76"
504,129989,pinn,127.0.0.1,"void at::native::vectorized_elementwise_kernel<(int)4, at::native::CUDAFunctor_add<float>, at::detail::Array<char *, (int)3>>(int, T2, T3)",2022-Sep-16 13:47:11,1,7,Command line profiler metrics,sm__cycles_elapsed.avg,cycle,"3,556.11"
504,129989,pinn,127.0.0.1,"void at::native::vectorized_elementwise_kernel<(int)4, at::native::CUDAFunctor_add<float>, at::detail::Array<char *, (int)3>>(int, T2, T3)",2022-Sep-16 13:47:11,1,7,Command line profiler metrics,sm__cycles_elapsed.avg.per_second,cycle/second,"1,389,105,902.78"
505,129989,pinn,127.0.0.1,"void at::native::vectorized_elementwise_kernel<(int)4, at::native::AUnaryFunctor<float, float, float, at::native::MulFunctor<float>>, at::detail::Array<char *, (int)2>>(int, T2, T3)",2022-Sep-16 13:47:11,1,7,Command line profiler metrics,sm__cycles_elapsed.avg,cycle,"3,491.98"
505,129989,pinn,127.0.0.1,"void at::native::vectorized_elementwise_kernel<(int)4, at::native::AUnaryFunctor<float, float, float, at::native::MulFunctor<float>>, at::detail::Array<char *, (int)2>>(int, T2, T3)",2022-Sep-16 13:47:11,1,7,Command line profiler metrics,sm__cycles_elapsed.avg.per_second,cycle/second,"1,381,321,788.56"
506,129989,pinn,127.0.0.1,"void at::native::vectorized_elementwise_kernel<(int)4, at::native::addcmul_cuda_kernel(at::TensorIteratorBase &, const c10::Scalar &)::[lambda() (instance 2)]::operator ()() const::[lambda() (instance 8)]::operator ()() const::[lambda(float, float, float) (instance 1)], at::detail::Array<char *, (int)4>>(int, T2, T3)",2022-Sep-16 13:47:11,1,7,Command line profiler metrics,sm__cycles_elapsed.avg,cycle,"3,685.59"
506,129989,pinn,127.0.0.1,"void at::native::vectorized_elementwise_kernel<(int)4, at::native::addcmul_cuda_kernel(at::TensorIteratorBase &, const c10::Scalar &)::[lambda() (instance 2)]::operator ()() const::[lambda() (instance 8)]::operator ()() const::[lambda(float, float, float) (instance 1)], at::detail::Array<char *, (int)4>>(int, T2, T3)",2022-Sep-16 13:47:11,1,7,Command line profiler metrics,sm__cycles_elapsed.avg.per_second,cycle/second,"1,387,647,813.48"
507,129989,pinn,127.0.0.1,"void at::native::vectorized_elementwise_kernel<(int)4, at::native::sqrt_kernel_cuda(at::TensorIteratorBase &)::[lambda() (instance 2)]::operator ()() const::[lambda() (instance 4)]::operator ()() const::[lambda(float) (instance 1)], at::detail::Array<char *, (int)2>>(int, T2, T3)",2022-Sep-16 13:47:11,1,7,Command line profiler metrics,sm__cycles_elapsed.avg,cycle,"4,597.72"
507,129989,pinn,127.0.0.1,"void at::native::vectorized_elementwise_kernel<(int)4, at::native::sqrt_kernel_cuda(at::TensorIteratorBase &)::[lambda() (instance 2)]::operator ()() const::[lambda() (instance 4)]::operator ()() const::[lambda(float) (instance 1)], at::detail::Array<char *, (int)2>>(int, T2, T3)",2022-Sep-16 13:47:11,1,7,Command line profiler metrics,sm__cycles_elapsed.avg.per_second,cycle/second,"1,381,527,110.04"
508,129989,pinn,127.0.0.1,"void at::native::vectorized_elementwise_kernel<(int)4, at::native::BUnaryFunctor<float, float, float, at::native::MulFunctor<float>>, at::detail::Array<char *, (int)2>>(int, T2, T3)",2022-Sep-16 13:47:11,1,7,Command line profiler metrics,sm__cycles_elapsed.avg,cycle,"3,562.43"
508,129989,pinn,127.0.0.1,"void at::native::vectorized_elementwise_kernel<(int)4, at::native::BUnaryFunctor<float, float, float, at::native::MulFunctor<float>>, at::detail::Array<char *, (int)2>>(int, T2, T3)",2022-Sep-16 13:47:11,1,7,Command line profiler metrics,sm__cycles_elapsed.avg.per_second,cycle/second,"1,391,572,627.31"
509,129989,pinn,127.0.0.1,"void at::native::vectorized_elementwise_kernel<(int)4, at::native::CUDAFunctorOnSelf_add<float>, at::detail::Array<char *, (int)2>>(int, T2, T3)",2022-Sep-16 13:47:11,1,7,Command line profiler metrics,sm__cycles_elapsed.avg,cycle,"3,546.02"
509,129989,pinn,127.0.0.1,"void at::native::vectorized_elementwise_kernel<(int)4, at::native::CUDAFunctorOnSelf_add<float>, at::detail::Array<char *, (int)2>>(int, T2, T3)",2022-Sep-16 13:47:11,1,7,Command line profiler metrics,sm__cycles_elapsed.avg.per_second,cycle/second,"1,385,163,483.80"
510,129989,pinn,127.0.0.1,"void at::native::vectorized_elementwise_kernel<(int)4, at::native::addcdiv_cuda_kernel(at::TensorIteratorBase &, const c10::Scalar &)::[lambda() (instance 2)]::operator ()() const::[lambda() (instance 8)]::operator ()() const::[lambda(float, float, float) (instance 1)], at::detail::Array<char *, (int)4>>(int, T2, T3)",2022-Sep-16 13:47:11,1,7,Command line profiler metrics,sm__cycles_elapsed.avg,cycle,"4,066.72"
510,129989,pinn,127.0.0.1,"void at::native::vectorized_elementwise_kernel<(int)4, at::native::addcdiv_cuda_kernel(at::TensorIteratorBase &, const c10::Scalar &)::[lambda() (instance 2)]::operator ()() const::[lambda() (instance 8)]::operator ()() const::[lambda(float, float, float) (instance 1)], at::detail::Array<char *, (int)4>>(int, T2, T3)",2022-Sep-16 13:47:11,1,7,Command line profiler metrics,sm__cycles_elapsed.avg.per_second,cycle/second,"1,381,359,450.48"
511,129989,pinn,127.0.0.1,"void at::native::vectorized_elementwise_kernel<(int)4, at::native::FillFunctor<float>, at::detail::Array<char *, (int)1>>(int, T2, T3)",2022-Sep-16 13:47:11,1,7,Command line profiler metrics,sm__cycles_elapsed.avg,cycle,"3,182.70"
511,129989,pinn,127.0.0.1,"void at::native::vectorized_elementwise_kernel<(int)4, at::native::FillFunctor<float>, at::detail::Array<char *, (int)1>>(int, T2, T3)",2022-Sep-16 13:47:11,1,7,Command line profiler metrics,sm__cycles_elapsed.avg.per_second,cycle/second,"1,381,381,815.84"
512,129989,pinn,127.0.0.1,"void at::native::vectorized_elementwise_kernel<(int)4, at::native::FillFunctor<float>, at::detail::Array<char *, (int)1>>(int, T2, T3)",2022-Sep-16 13:47:11,1,7,Command line profiler metrics,sm__cycles_elapsed.avg,cycle,"3,181.83"
512,129989,pinn,127.0.0.1,"void at::native::vectorized_elementwise_kernel<(int)4, at::native::FillFunctor<float>, at::detail::Array<char *, (int)1>>(int, T2, T3)",2022-Sep-16 13:47:11,1,7,Command line profiler metrics,sm__cycles_elapsed.avg.per_second,cycle/second,"1,381,004,050.93"
513,129989,pinn,127.0.0.1,"void at::native::vectorized_elementwise_kernel<(int)4, at::native::AUnaryFunctor<float, float, float, at::native::MulFunctor<float>>, at::detail::Array<char *, (int)2>>(int, T2, T3)",2022-Sep-16 13:47:11,1,7,Command line profiler metrics,sm__cycles_elapsed.avg,cycle,"3,570.63"
513,129989,pinn,127.0.0.1,"void at::native::vectorized_elementwise_kernel<(int)4, at::native::AUnaryFunctor<float, float, float, at::native::MulFunctor<float>>, at::detail::Array<char *, (int)2>>(int, T2, T3)",2022-Sep-16 13:47:11,1,7,Command line profiler metrics,sm__cycles_elapsed.avg.per_second,cycle/second,"1,394,777,199.07"
514,129989,pinn,127.0.0.1,"void at::native::vectorized_elementwise_kernel<(int)4, at::native::CUDAFunctor_add<float>, at::detail::Array<char *, (int)3>>(int, T2, T3)",2022-Sep-16 13:47:11,1,7,Command line profiler metrics,sm__cycles_elapsed.avg,cycle,"3,557.70"
514,129989,pinn,127.0.0.1,"void at::native::vectorized_elementwise_kernel<(int)4, at::native::CUDAFunctor_add<float>, at::detail::Array<char *, (int)3>>(int, T2, T3)",2022-Sep-16 13:47:11,1,7,Command line profiler metrics,sm__cycles_elapsed.avg.per_second,cycle/second,"1,389,728,009.26"
515,129989,pinn,127.0.0.1,"void at::native::vectorized_elementwise_kernel<(int)4, at::native::AUnaryFunctor<float, float, float, at::native::MulFunctor<float>>, at::detail::Array<char *, (int)2>>(int, T2, T3)",2022-Sep-16 13:47:11,1,7,Command line profiler metrics,sm__cycles_elapsed.avg,cycle,"3,506"
515,129989,pinn,127.0.0.1,"void at::native::vectorized_elementwise_kernel<(int)4, at::native::AUnaryFunctor<float, float, float, at::native::MulFunctor<float>>, at::detail::Array<char *, (int)2>>(int, T2, T3)",2022-Sep-16 13:47:11,1,7,Command line profiler metrics,sm__cycles_elapsed.avg.per_second,cycle/second,"1,386,867,088.61"
516,129989,pinn,127.0.0.1,"void at::native::vectorized_elementwise_kernel<(int)4, at::native::addcmul_cuda_kernel(at::TensorIteratorBase &, const c10::Scalar &)::[lambda() (instance 2)]::operator ()() const::[lambda() (instance 8)]::operator ()() const::[lambda(float, float, float) (instance 1)], at::detail::Array<char *, (int)4>>(int, T2, T3)",2022-Sep-16 13:47:11,1,7,Command line profiler metrics,sm__cycles_elapsed.avg,cycle,"3,651.24"
516,129989,pinn,127.0.0.1,"void at::native::vectorized_elementwise_kernel<(int)4, at::native::addcmul_cuda_kernel(at::TensorIteratorBase &, const c10::Scalar &)::[lambda() (instance 2)]::operator ()() const::[lambda() (instance 8)]::operator ()() const::[lambda(float, float, float) (instance 1)], at::detail::Array<char *, (int)4>>(int, T2, T3)",2022-Sep-16 13:47:11,1,7,Command line profiler metrics,sm__cycles_elapsed.avg.per_second,cycle/second,"1,374,714,134.32"
517,129989,pinn,127.0.0.1,"void at::native::vectorized_elementwise_kernel<(int)4, at::native::sqrt_kernel_cuda(at::TensorIteratorBase &)::[lambda() (instance 2)]::operator ()() const::[lambda() (instance 4)]::operator ()() const::[lambda(float) (instance 1)], at::detail::Array<char *, (int)2>>(int, T2, T3)",2022-Sep-16 13:47:11,1,7,Command line profiler metrics,sm__cycles_elapsed.avg,cycle,"4,081.04"
517,129989,pinn,127.0.0.1,"void at::native::vectorized_elementwise_kernel<(int)4, at::native::sqrt_kernel_cuda(at::TensorIteratorBase &)::[lambda() (instance 2)]::operator ()() const::[lambda() (instance 4)]::operator ()() const::[lambda(float) (instance 1)], at::detail::Array<char *, (int)2>>(int, T2, T3)",2022-Sep-16 13:47:11,1,7,Command line profiler metrics,sm__cycles_elapsed.avg.per_second,cycle/second,"1,386,221,819.65"
518,129989,pinn,127.0.0.1,"void at::native::vectorized_elementwise_kernel<(int)4, at::native::BUnaryFunctor<float, float, float, at::native::MulFunctor<float>>, at::detail::Array<char *, (int)2>>(int, T2, T3)",2022-Sep-16 13:47:11,1,7,Command line profiler metrics,sm__cycles_elapsed.avg,cycle,"3,538.28"
518,129989,pinn,127.0.0.1,"void at::native::vectorized_elementwise_kernel<(int)4, at::native::BUnaryFunctor<float, float, float, at::native::MulFunctor<float>>, at::detail::Array<char *, (int)2>>(int, T2, T3)",2022-Sep-16 13:47:11,1,7,Command line profiler metrics,sm__cycles_elapsed.avg.per_second,cycle/second,"1,382,139,756.94"
519,129989,pinn,127.0.0.1,"void at::native::vectorized_elementwise_kernel<(int)4, at::native::CUDAFunctorOnSelf_add<float>, at::detail::Array<char *, (int)2>>(int, T2, T3)",2022-Sep-16 13:47:11,1,7,Command line profiler metrics,sm__cycles_elapsed.avg,cycle,"3,532.57"
519,129989,pinn,127.0.0.1,"void at::native::vectorized_elementwise_kernel<(int)4, at::native::CUDAFunctorOnSelf_add<float>, at::detail::Array<char *, (int)2>>(int, T2, T3)",2022-Sep-16 13:47:11,1,7,Command line profiler metrics,sm__cycles_elapsed.avg.per_second,cycle/second,"1,379,911,747.69"
520,129989,pinn,127.0.0.1,"void at::native::vectorized_elementwise_kernel<(int)4, at::native::addcdiv_cuda_kernel(at::TensorIteratorBase &, const c10::Scalar &)::[lambda() (instance 2)]::operator ()() const::[lambda() (instance 8)]::operator ()() const::[lambda(float, float, float) (instance 1)], at::detail::Array<char *, (int)4>>(int, T2, T3)",2022-Sep-16 13:47:11,1,7,Command line profiler metrics,sm__cycles_elapsed.avg,cycle,"4,006.17"
520,129989,pinn,127.0.0.1,"void at::native::vectorized_elementwise_kernel<(int)4, at::native::addcdiv_cuda_kernel(at::TensorIteratorBase &, const c10::Scalar &)::[lambda() (instance 2)]::operator ()() const::[lambda() (instance 8)]::operator ()() const::[lambda(float, float, float) (instance 1)], at::detail::Array<char *, (int)4>>(int, T2, T3)",2022-Sep-16 13:47:11,1,7,Command line profiler metrics,sm__cycles_elapsed.avg.per_second,cycle/second,"1,391,030,092.59"
521,129989,pinn,127.0.0.1,"void at::native::vectorized_elementwise_kernel<(int)4, at::native::FillFunctor<float>, at::detail::Array<char *, (int)1>>(int, T2, T3)",2022-Sep-16 13:47:11,1,7,Command line profiler metrics,sm__cycles_elapsed.avg,cycle,"3,584.28"
521,129989,pinn,127.0.0.1,"void at::native::vectorized_elementwise_kernel<(int)4, at::native::FillFunctor<float>, at::detail::Array<char *, (int)1>>(int, T2, T3)",2022-Sep-16 13:47:11,1,7,Command line profiler metrics,sm__cycles_elapsed.avg.per_second,cycle/second,"1,400,108,506.94"
522,129989,pinn,127.0.0.1,"void at::native::vectorized_elementwise_kernel<(int)4, at::native::FillFunctor<float>, at::detail::Array<char *, (int)1>>(int, T2, T3)",2022-Sep-16 13:47:11,1,7,Command line profiler metrics,sm__cycles_elapsed.avg,cycle,"3,183.57"
522,129989,pinn,127.0.0.1,"void at::native::vectorized_elementwise_kernel<(int)4, at::native::FillFunctor<float>, at::detail::Array<char *, (int)1>>(int, T2, T3)",2022-Sep-16 13:47:11,1,7,Command line profiler metrics,sm__cycles_elapsed.avg.per_second,cycle/second,"1,381,759,580.76"
523,129989,pinn,127.0.0.1,"void at::native::vectorized_elementwise_kernel<(int)4, at::native::AUnaryFunctor<float, float, float, at::native::MulFunctor<float>>, at::detail::Array<char *, (int)2>>(int, T2, T3)",2022-Sep-16 13:47:11,1,7,Command line profiler metrics,sm__cycles_elapsed.avg,cycle,"3,722"
523,129989,pinn,127.0.0.1,"void at::native::vectorized_elementwise_kernel<(int)4, at::native::AUnaryFunctor<float, float, float, at::native::MulFunctor<float>>, at::detail::Array<char *, (int)2>>(int, T2, T3)",2022-Sep-16 13:47:11,1,7,Command line profiler metrics,sm__cycles_elapsed.avg.per_second,cycle/second,"1,384,672,619.05"
524,129989,pinn,127.0.0.1,"void at::native::vectorized_elementwise_kernel<(int)4, at::native::CUDAFunctor_add<float>, at::detail::Array<char *, (int)3>>(int, T2, T3)",2022-Sep-16 13:47:11,1,7,Command line profiler metrics,sm__cycles_elapsed.avg,cycle,"3,669.30"
524,129989,pinn,127.0.0.1,"void at::native::vectorized_elementwise_kernel<(int)4, at::native::CUDAFunctor_add<float>, at::detail::Array<char *, (int)3>>(int, T2, T3)",2022-Sep-16 13:47:11,1,7,Command line profiler metrics,sm__cycles_elapsed.avg.per_second,cycle/second,"1,381,512,159.75"
525,129989,pinn,127.0.0.1,"void at::native::vectorized_elementwise_kernel<(int)4, at::native::AUnaryFunctor<float, float, float, at::native::MulFunctor<float>>, at::detail::Array<char *, (int)2>>(int, T2, T3)",2022-Sep-16 13:47:11,1,7,Command line profiler metrics,sm__cycles_elapsed.avg,cycle,"3,657"
525,129989,pinn,127.0.0.1,"void at::native::vectorized_elementwise_kernel<(int)4, at::native::AUnaryFunctor<float, float, float, at::native::MulFunctor<float>>, at::detail::Array<char *, (int)2>>(int, T2, T3)",2022-Sep-16 13:47:11,1,7,Command line profiler metrics,sm__cycles_elapsed.avg.per_second,cycle/second,"1,376,882,530.12"
526,129989,pinn,127.0.0.1,"void at::native::vectorized_elementwise_kernel<(int)4, at::native::addcmul_cuda_kernel(at::TensorIteratorBase &, const c10::Scalar &)::[lambda() (instance 2)]::operator ()() const::[lambda() (instance 8)]::operator ()() const::[lambda(float, float, float) (instance 1)], at::detail::Array<char *, (int)4>>(int, T2, T3)",2022-Sep-16 13:47:11,1,7,Command line profiler metrics,sm__cycles_elapsed.avg,cycle,"4,048.02"
526,129989,pinn,127.0.0.1,"void at::native::vectorized_elementwise_kernel<(int)4, at::native::addcmul_cuda_kernel(at::TensorIteratorBase &, const c10::Scalar &)::[lambda() (instance 2)]::operator ()() const::[lambda() (instance 8)]::operator ()() const::[lambda(float, float, float) (instance 1)], at::detail::Array<char *, (int)4>>(int, T2, T3)",2022-Sep-16 13:47:11,1,7,Command line profiler metrics,sm__cycles_elapsed.avg.per_second,cycle/second,"1,390,116,249.49"
527,129989,pinn,127.0.0.1,"void at::native::vectorized_elementwise_kernel<(int)4, at::native::sqrt_kernel_cuda(at::TensorIteratorBase &)::[lambda() (instance 2)]::operator ()() const::[lambda() (instance 4)]::operator ()() const::[lambda(float) (instance 1)], at::detail::Array<char *, (int)2>>(int, T2, T3)",2022-Sep-16 13:47:11,1,7,Command line profiler metrics,sm__cycles_elapsed.avg,cycle,"4,090.96"
527,129989,pinn,127.0.0.1,"void at::native::vectorized_elementwise_kernel<(int)4, at::native::sqrt_kernel_cuda(at::TensorIteratorBase &)::[lambda() (instance 2)]::operator ()() const::[lambda() (instance 4)]::operator ()() const::[lambda(float) (instance 1)], at::detail::Array<char *, (int)2>>(int, T2, T3)",2022-Sep-16 13:47:11,1,7,Command line profiler metrics,sm__cycles_elapsed.avg.per_second,cycle/second,"1,389,593,397.75"
528,129989,pinn,127.0.0.1,"void at::native::vectorized_elementwise_kernel<(int)4, at::native::BUnaryFunctor<float, float, float, at::native::MulFunctor<float>>, at::detail::Array<char *, (int)2>>(int, T2, T3)",2022-Sep-16 13:47:11,1,7,Command line profiler metrics,sm__cycles_elapsed.avg,cycle,"3,642.85"
528,129989,pinn,127.0.0.1,"void at::native::vectorized_elementwise_kernel<(int)4, at::native::BUnaryFunctor<float, float, float, at::native::MulFunctor<float>>, at::detail::Array<char *, (int)2>>(int, T2, T3)",2022-Sep-16 13:47:11,1,7,Command line profiler metrics,sm__cycles_elapsed.avg.per_second,cycle/second,"1,405,421,239.14"
529,129989,pinn,127.0.0.1,"void at::native::vectorized_elementwise_kernel<(int)4, at::native::CUDAFunctorOnSelf_add<float>, at::detail::Array<char *, (int)2>>(int, T2, T3)",2022-Sep-16 13:47:11,1,7,Command line profiler metrics,sm__cycles_elapsed.avg,cycle,"3,879.30"
529,129989,pinn,127.0.0.1,"void at::native::vectorized_elementwise_kernel<(int)4, at::native::CUDAFunctorOnSelf_add<float>, at::detail::Array<char *, (int)2>>(int, T2, T3)",2022-Sep-16 13:47:11,1,7,Command line profiler metrics,sm__cycles_elapsed.avg.per_second,cycle/second,"1,377,591,014.31"
530,129989,pinn,127.0.0.1,"void at::native::vectorized_elementwise_kernel<(int)4, at::native::addcdiv_cuda_kernel(at::TensorIteratorBase &, const c10::Scalar &)::[lambda() (instance 2)]::operator ()() const::[lambda() (instance 8)]::operator ()() const::[lambda(float, float, float) (instance 1)], at::detail::Array<char *, (int)4>>(int, T2, T3)",2022-Sep-16 13:47:11,1,7,Command line profiler metrics,sm__cycles_elapsed.avg,cycle,"4,609.43"
530,129989,pinn,127.0.0.1,"void at::native::vectorized_elementwise_kernel<(int)4, at::native::addcdiv_cuda_kernel(at::TensorIteratorBase &, const c10::Scalar &)::[lambda() (instance 2)]::operator ()() const::[lambda() (instance 8)]::operator ()() const::[lambda(float, float, float) (instance 1)], at::detail::Array<char *, (int)4>>(int, T2, T3)",2022-Sep-16 13:47:11,1,7,Command line profiler metrics,sm__cycles_elapsed.avg.per_second,cycle/second,"1,385,043,847.93"
531,129989,pinn,127.0.0.1,"void at::native::vectorized_elementwise_kernel<(int)4, at::native::FillFunctor<float>, at::detail::Array<char *, (int)1>>(int, T2, T3)",2022-Sep-16 13:47:11,1,7,Command line profiler metrics,sm__cycles_elapsed.avg,cycle,"3,181.46"
531,129989,pinn,127.0.0.1,"void at::native::vectorized_elementwise_kernel<(int)4, at::native::FillFunctor<float>, at::detail::Array<char *, (int)1>>(int, T2, T3)",2022-Sep-16 13:47:11,1,7,Command line profiler metrics,sm__cycles_elapsed.avg.per_second,cycle/second,"1,400,291,797.08"
532,129989,pinn,127.0.0.1,"void at::native::vectorized_elementwise_kernel<(int)4, at::native::FillFunctor<float>, at::detail::Array<char *, (int)1>>(int, T2, T3)",2022-Sep-16 13:47:11,1,7,Command line profiler metrics,sm__cycles_elapsed.avg,cycle,"3,225.41"
532,129989,pinn,127.0.0.1,"void at::native::vectorized_elementwise_kernel<(int)4, at::native::FillFunctor<float>, at::detail::Array<char *, (int)1>>(int, T2, T3)",2022-Sep-16 13:47:11,1,7,Command line profiler metrics,sm__cycles_elapsed.avg.per_second,cycle/second,"1,399,916,409.47"
533,129989,pinn,127.0.0.1,"void at::native::vectorized_elementwise_kernel<(int)4, at::native::AUnaryFunctor<float, float, float, at::native::MulFunctor<float>>, at::detail::Array<char *, (int)2>>(int, T2, T3)",2022-Sep-16 13:47:11,1,7,Command line profiler metrics,sm__cycles_elapsed.avg,cycle,"3,545.19"
533,129989,pinn,127.0.0.1,"void at::native::vectorized_elementwise_kernel<(int)4, at::native::AUnaryFunctor<float, float, float, at::native::MulFunctor<float>>, at::detail::Array<char *, (int)2>>(int, T2, T3)",2022-Sep-16 13:47:11,1,7,Command line profiler metrics,sm__cycles_elapsed.avg.per_second,cycle/second,"1,384,837,962.96"
534,129989,pinn,127.0.0.1,"void at::native::vectorized_elementwise_kernel<(int)4, at::native::CUDAFunctor_add<float>, at::detail::Array<char *, (int)3>>(int, T2, T3)",2022-Sep-16 13:47:11,1,7,Command line profiler metrics,sm__cycles_elapsed.avg,cycle,"3,729.72"
534,129989,pinn,127.0.0.1,"void at::native::vectorized_elementwise_kernel<(int)4, at::native::CUDAFunctor_add<float>, at::detail::Array<char *, (int)3>>(int, T2, T3)",2022-Sep-16 13:47:11,1,7,Command line profiler metrics,sm__cycles_elapsed.avg.per_second,cycle/second,"1,387,545,469.58"
535,129989,pinn,127.0.0.1,"void at::native::vectorized_elementwise_kernel<(int)4, at::native::AUnaryFunctor<float, float, float, at::native::MulFunctor<float>>, at::detail::Array<char *, (int)2>>(int, T2, T3)",2022-Sep-16 13:47:11,1,7,Command line profiler metrics,sm__cycles_elapsed.avg,cycle,"3,527.83"
535,129989,pinn,127.0.0.1,"void at::native::vectorized_elementwise_kernel<(int)4, at::native::AUnaryFunctor<float, float, float, at::native::MulFunctor<float>>, at::detail::Array<char *, (int)2>>(int, T2, T3)",2022-Sep-16 13:47:11,1,7,Command line profiler metrics,sm__cycles_elapsed.avg.per_second,cycle/second,"1,378,059,895.83"
536,129989,pinn,127.0.0.1,"void at::native::vectorized_elementwise_kernel<(int)4, at::native::addcmul_cuda_kernel(at::TensorIteratorBase &, const c10::Scalar &)::[lambda() (instance 2)]::operator ()() const::[lambda() (instance 8)]::operator ()() const::[lambda(float, float, float) (instance 1)], at::detail::Array<char *, (int)4>>(int, T2, T3)",2022-Sep-16 13:47:11,1,7,Command line profiler metrics,sm__cycles_elapsed.avg,cycle,"3,857.59"
536,129989,pinn,127.0.0.1,"void at::native::vectorized_elementwise_kernel<(int)4, at::native::addcmul_cuda_kernel(at::TensorIteratorBase &, const c10::Scalar &)::[lambda() (instance 2)]::operator ()() const::[lambda() (instance 8)]::operator ()() const::[lambda(float, float, float) (instance 1)], at::detail::Array<char *, (int)4>>(int, T2, T3)",2022-Sep-16 13:47:11,1,7,Command line profiler metrics,sm__cycles_elapsed.avg.per_second,cycle/second,"1,401,741,494.40"
537,129989,pinn,127.0.0.1,"void at::native::vectorized_elementwise_kernel<(int)4, at::native::sqrt_kernel_cuda(at::TensorIteratorBase &)::[lambda() (instance 2)]::operator ()() const::[lambda() (instance 4)]::operator ()() const::[lambda(float) (instance 1)], at::detail::Array<char *, (int)2>>(int, T2, T3)",2022-Sep-16 13:47:11,1,7,Command line profiler metrics,sm__cycles_elapsed.avg,cycle,"3,848.17"
537,129989,pinn,127.0.0.1,"void at::native::vectorized_elementwise_kernel<(int)4, at::native::sqrt_kernel_cuda(at::TensorIteratorBase &)::[lambda() (instance 2)]::operator ()() const::[lambda() (instance 4)]::operator ()() const::[lambda(float) (instance 1)], at::detail::Array<char *, (int)2>>(int, T2, T3)",2022-Sep-16 13:47:11,1,7,Command line profiler metrics,sm__cycles_elapsed.avg.per_second,cycle/second,"1,382,243,773.95"
538,129989,pinn,127.0.0.1,"void at::native::vectorized_elementwise_kernel<(int)4, at::native::BUnaryFunctor<float, float, float, at::native::MulFunctor<float>>, at::detail::Array<char *, (int)2>>(int, T2, T3)",2022-Sep-16 13:47:11,1,7,Command line profiler metrics,sm__cycles_elapsed.avg,cycle,"3,528.43"
538,129989,pinn,127.0.0.1,"void at::native::vectorized_elementwise_kernel<(int)4, at::native::BUnaryFunctor<float, float, float, at::native::MulFunctor<float>>, at::detail::Array<char *, (int)2>>(int, T2, T3)",2022-Sep-16 13:47:11,1,7,Command line profiler metrics,sm__cycles_elapsed.avg.per_second,cycle/second,"1,395,738,103.61"
539,129989,pinn,127.0.0.1,"void at::native::vectorized_elementwise_kernel<(int)4, at::native::CUDAFunctorOnSelf_add<float>, at::detail::Array<char *, (int)2>>(int, T2, T3)",2022-Sep-16 13:47:11,1,7,Command line profiler metrics,sm__cycles_elapsed.avg,cycle,"3,504.28"
539,129989,pinn,127.0.0.1,"void at::native::vectorized_elementwise_kernel<(int)4, at::native::CUDAFunctorOnSelf_add<float>, at::detail::Array<char *, (int)2>>(int, T2, T3)",2022-Sep-16 13:47:11,1,7,Command line profiler metrics,sm__cycles_elapsed.avg.per_second,cycle/second,"1,386,185,829.82"
540,129989,pinn,127.0.0.1,"void at::native::vectorized_elementwise_kernel<(int)4, at::native::addcdiv_cuda_kernel(at::TensorIteratorBase &, const c10::Scalar &)::[lambda() (instance 2)]::operator ()() const::[lambda() (instance 8)]::operator ()() const::[lambda(float, float, float) (instance 1)], at::detail::Array<char *, (int)4>>(int, T2, T3)",2022-Sep-16 13:47:11,1,7,Command line profiler metrics,sm__cycles_elapsed.avg,cycle,"4,010.02"
540,129989,pinn,127.0.0.1,"void at::native::vectorized_elementwise_kernel<(int)4, at::native::addcdiv_cuda_kernel(at::TensorIteratorBase &, const c10::Scalar &)::[lambda() (instance 2)]::operator ()() const::[lambda() (instance 8)]::operator ()() const::[lambda(float, float, float) (instance 1)], at::detail::Array<char *, (int)4>>(int, T2, T3)",2022-Sep-16 13:47:11,1,7,Command line profiler metrics,sm__cycles_elapsed.avg.per_second,cycle/second,"1,392,367,541.15"
541,129989,pinn,127.0.0.1,"void at::native::vectorized_elementwise_kernel<(int)4, at::native::FillFunctor<float>, at::detail::Array<char *, (int)1>>(int, T2, T3)",2022-Sep-16 13:47:11,1,7,Command line profiler metrics,sm__cycles_elapsed.avg,cycle,"3,196.30"
541,129989,pinn,127.0.0.1,"void at::native::vectorized_elementwise_kernel<(int)4, at::native::FillFunctor<float>, at::detail::Array<char *, (int)1>>(int, T2, T3)",2022-Sep-16 13:47:11,1,7,Command line profiler metrics,sm__cycles_elapsed.avg.per_second,cycle/second,"1,368,277,524.10"
542,129989,pinn,127.0.0.1,"void at::native::vectorized_elementwise_kernel<(int)4, at::native::FillFunctor<float>, at::detail::Array<char *, (int)1>>(int, T2, T3)",2022-Sep-16 13:47:11,1,7,Command line profiler metrics,sm__cycles_elapsed.avg,cycle,"3,197.13"
542,129989,pinn,127.0.0.1,"void at::native::vectorized_elementwise_kernel<(int)4, at::native::FillFunctor<float>, at::detail::Array<char *, (int)1>>(int, T2, T3)",2022-Sep-16 13:47:11,1,7,Command line profiler metrics,sm__cycles_elapsed.avg.per_second,cycle/second,"1,387,643,068.42"
543,129989,pinn,127.0.0.1,"void at::native::vectorized_elementwise_kernel<(int)4, at::native::AUnaryFunctor<float, float, float, at::native::MulFunctor<float>>, at::detail::Array<char *, (int)2>>(int, T2, T3)",2022-Sep-16 13:47:11,1,7,Command line profiler metrics,sm__cycles_elapsed.avg,cycle,"3,645.70"
543,129989,pinn,127.0.0.1,"void at::native::vectorized_elementwise_kernel<(int)4, at::native::AUnaryFunctor<float, float, float, at::native::MulFunctor<float>>, at::detail::Array<char *, (int)2>>(int, T2, T3)",2022-Sep-16 13:47:11,1,7,Command line profiler metrics,sm__cycles_elapsed.avg.per_second,cycle/second,"1,389,368,789.52"
544,129989,pinn,127.0.0.1,"void at::native::vectorized_elementwise_kernel<(int)4, at::native::CUDAFunctor_add<float>, at::detail::Array<char *, (int)3>>(int, T2, T3)",2022-Sep-16 13:47:11,1,7,Command line profiler metrics,sm__cycles_elapsed.avg,cycle,"3,918"
544,129989,pinn,127.0.0.1,"void at::native::vectorized_elementwise_kernel<(int)4, at::native::CUDAFunctor_add<float>, at::detail::Array<char *, (int)3>>(int, T2, T3)",2022-Sep-16 13:47:11,1,7,Command line profiler metrics,sm__cycles_elapsed.avg.per_second,cycle/second,"1,391,335,227.27"
545,129989,pinn,127.0.0.1,"void at::native::vectorized_elementwise_kernel<(int)4, at::native::AUnaryFunctor<float, float, float, at::native::MulFunctor<float>>, at::detail::Array<char *, (int)2>>(int, T2, T3)",2022-Sep-16 13:47:11,1,7,Command line profiler metrics,sm__cycles_elapsed.avg,cycle,"3,634.85"
545,129989,pinn,127.0.0.1,"void at::native::vectorized_elementwise_kernel<(int)4, at::native::AUnaryFunctor<float, float, float, at::native::MulFunctor<float>>, at::detail::Array<char *, (int)2>>(int, T2, T3)",2022-Sep-16 13:47:11,1,7,Command line profiler metrics,sm__cycles_elapsed.avg.per_second,cycle/second,"1,385,233,175.25"
546,129989,pinn,127.0.0.1,"void at::native::vectorized_elementwise_kernel<(int)4, at::native::addcmul_cuda_kernel(at::TensorIteratorBase &, const c10::Scalar &)::[lambda() (instance 2)]::operator ()() const::[lambda() (instance 8)]::operator ()() const::[lambda(float, float, float) (instance 1)], at::detail::Array<char *, (int)4>>(int, T2, T3)",2022-Sep-16 13:47:11,1,7,Command line profiler metrics,sm__cycles_elapsed.avg,cycle,"3,799"
546,129989,pinn,127.0.0.1,"void at::native::vectorized_elementwise_kernel<(int)4, at::native::addcmul_cuda_kernel(at::TensorIteratorBase &, const c10::Scalar &)::[lambda() (instance 2)]::operator ()() const::[lambda() (instance 8)]::operator ()() const::[lambda(float, float, float) (instance 1)], at::detail::Array<char *, (int)4>>(int, T2, T3)",2022-Sep-16 13:47:11,1,7,Command line profiler metrics,sm__cycles_elapsed.avg.per_second,cycle/second,"1,396,691,176.47"
547,129989,pinn,127.0.0.1,"void at::native::vectorized_elementwise_kernel<(int)4, at::native::sqrt_kernel_cuda(at::TensorIteratorBase &)::[lambda() (instance 2)]::operator ()() const::[lambda() (instance 4)]::operator ()() const::[lambda(float) (instance 1)], at::detail::Array<char *, (int)2>>(int, T2, T3)",2022-Sep-16 13:47:11,1,7,Command line profiler metrics,sm__cycles_elapsed.avg,cycle,"4,076.02"
547,129989,pinn,127.0.0.1,"void at::native::vectorized_elementwise_kernel<(int)4, at::native::sqrt_kernel_cuda(at::TensorIteratorBase &)::[lambda() (instance 2)]::operator ()() const::[lambda() (instance 4)]::operator ()() const::[lambda(float) (instance 1)], at::detail::Array<char *, (int)2>>(int, T2, T3)",2022-Sep-16 13:47:11,1,7,Command line profiler metrics,sm__cycles_elapsed.avg.per_second,cycle/second,"1,384,517,159.82"
548,129989,pinn,127.0.0.1,"void at::native::vectorized_elementwise_kernel<(int)4, at::native::BUnaryFunctor<float, float, float, at::native::MulFunctor<float>>, at::detail::Array<char *, (int)2>>(int, T2, T3)",2022-Sep-16 13:47:11,1,7,Command line profiler metrics,sm__cycles_elapsed.avg,cycle,"3,655.87"
548,129989,pinn,127.0.0.1,"void at::native::vectorized_elementwise_kernel<(int)4, at::native::BUnaryFunctor<float, float, float, at::native::MulFunctor<float>>, at::detail::Array<char *, (int)2>>(int, T2, T3)",2022-Sep-16 13:47:11,1,7,Command line profiler metrics,sm__cycles_elapsed.avg.per_second,cycle/second,"1,393,243,281.39"
549,129989,pinn,127.0.0.1,"void at::native::vectorized_elementwise_kernel<(int)4, at::native::CUDAFunctorOnSelf_add<float>, at::detail::Array<char *, (int)2>>(int, T2, T3)",2022-Sep-16 13:47:11,1,7,Command line profiler metrics,sm__cycles_elapsed.avg,cycle,"3,603.85"
549,129989,pinn,127.0.0.1,"void at::native::vectorized_elementwise_kernel<(int)4, at::native::CUDAFunctorOnSelf_add<float>, at::detail::Array<char *, (int)2>>(int, T2, T3)",2022-Sep-16 13:47:11,1,7,Command line profiler metrics,sm__cycles_elapsed.avg.per_second,cycle/second,"1,390,374,942.84"
550,129989,pinn,127.0.0.1,"void at::native::vectorized_elementwise_kernel<(int)4, at::native::addcdiv_cuda_kernel(at::TensorIteratorBase &, const c10::Scalar &)::[lambda() (instance 2)]::operator ()() const::[lambda() (instance 8)]::operator ()() const::[lambda(float, float, float) (instance 1)], at::detail::Array<char *, (int)4>>(int, T2, T3)",2022-Sep-16 13:47:11,1,7,Command line profiler metrics,sm__cycles_elapsed.avg,cycle,"4,741.72"
550,129989,pinn,127.0.0.1,"void at::native::vectorized_elementwise_kernel<(int)4, at::native::addcdiv_cuda_kernel(at::TensorIteratorBase &, const c10::Scalar &)::[lambda() (instance 2)]::operator ()() const::[lambda() (instance 8)]::operator ()() const::[lambda(float, float, float) (instance 1)], at::detail::Array<char *, (int)4>>(int, T2, T3)",2022-Sep-16 13:47:11,1,7,Command line profiler metrics,sm__cycles_elapsed.avg.per_second,cycle/second,"1,384,848,779.85"
551,129989,pinn,127.0.0.1,"void at::native::vectorized_elementwise_kernel<(int)4, at::native::FillFunctor<float>, at::detail::Array<char *, (int)1>>(int, T2, T3)",2022-Sep-16 13:47:11,1,7,Command line profiler metrics,sm__cycles_elapsed.avg,cycle,"3,187.43"
551,129989,pinn,127.0.0.1,"void at::native::vectorized_elementwise_kernel<(int)4, at::native::FillFunctor<float>, at::detail::Array<char *, (int)1>>(int, T2, T3)",2022-Sep-16 13:47:11,1,7,Command line profiler metrics,sm__cycles_elapsed.avg.per_second,cycle/second,"1,383,431,391.46"
552,129989,pinn,127.0.0.1,"void at::native::vectorized_elementwise_kernel<(int)4, at::native::FillFunctor<float>, at::detail::Array<char *, (int)1>>(int, T2, T3)",2022-Sep-16 13:47:11,1,7,Command line profiler metrics,sm__cycles_elapsed.avg,cycle,"3,179.02"
552,129989,pinn,127.0.0.1,"void at::native::vectorized_elementwise_kernel<(int)4, at::native::FillFunctor<float>, at::detail::Array<char *, (int)1>>(int, T2, T3)",2022-Sep-16 13:47:11,1,7,Command line profiler metrics,sm__cycles_elapsed.avg.per_second,cycle/second,"1,379,782,343.11"
553,129989,pinn,127.0.0.1,"void at::native::vectorized_elementwise_kernel<(int)4, at::native::AUnaryFunctor<float, float, float, at::native::MulFunctor<float>>, at::detail::Array<char *, (int)2>>(int, T2, T3)",2022-Sep-16 13:47:11,1,7,Command line profiler metrics,sm__cycles_elapsed.avg,cycle,"3,794.02"
553,129989,pinn,127.0.0.1,"void at::native::vectorized_elementwise_kernel<(int)4, at::native::AUnaryFunctor<float, float, float, at::native::MulFunctor<float>>, at::detail::Array<char *, (int)2>>(int, T2, T3)",2022-Sep-16 13:47:11,1,7,Command line profiler metrics,sm__cycles_elapsed.avg.per_second,cycle/second,"1,378,640,450.04"
554,129989,pinn,127.0.0.1,"void at::native::vectorized_elementwise_kernel<(int)4, at::native::CUDAFunctor_add<float>, at::detail::Array<char *, (int)3>>(int, T2, T3)",2022-Sep-16 13:47:11,1,7,Command line profiler metrics,sm__cycles_elapsed.avg,cycle,"3,839.35"
554,129989,pinn,127.0.0.1,"void at::native::vectorized_elementwise_kernel<(int)4, at::native::CUDAFunctor_add<float>, at::detail::Array<char *, (int)3>>(int, T2, T3)",2022-Sep-16 13:47:11,1,7,Command line profiler metrics,sm__cycles_elapsed.avg.per_second,cycle/second,"1,395,113,318.26"
555,129989,pinn,127.0.0.1,"void at::native::vectorized_elementwise_kernel<(int)4, at::native::AUnaryFunctor<float, float, float, at::native::MulFunctor<float>>, at::detail::Array<char *, (int)2>>(int, T2, T3)",2022-Sep-16 13:47:11,1,7,Command line profiler metrics,sm__cycles_elapsed.avg,cycle,"3,700.41"
555,129989,pinn,127.0.0.1,"void at::native::vectorized_elementwise_kernel<(int)4, at::native::AUnaryFunctor<float, float, float, at::native::MulFunctor<float>>, at::detail::Array<char *, (int)2>>(int, T2, T3)",2022-Sep-16 13:47:11,1,7,Command line profiler metrics,sm__cycles_elapsed.avg.per_second,cycle/second,"1,376,639,660.49"
556,129989,pinn,127.0.0.1,"void at::native::vectorized_elementwise_kernel<(int)4, at::native::addcmul_cuda_kernel(at::TensorIteratorBase &, const c10::Scalar &)::[lambda() (instance 2)]::operator ()() const::[lambda() (instance 8)]::operator ()() const::[lambda(float, float, float) (instance 1)], at::detail::Array<char *, (int)4>>(int, T2, T3)",2022-Sep-16 13:47:11,1,7,Command line profiler metrics,sm__cycles_elapsed.avg,cycle,"3,633.07"
556,129989,pinn,127.0.0.1,"void at::native::vectorized_elementwise_kernel<(int)4, at::native::addcmul_cuda_kernel(at::TensorIteratorBase &, const c10::Scalar &)::[lambda() (instance 2)]::operator ()() const::[lambda() (instance 8)]::operator ()() const::[lambda(float, float, float) (instance 1)], at::detail::Array<char *, (int)4>>(int, T2, T3)",2022-Sep-16 13:47:11,1,7,Command line profiler metrics,sm__cycles_elapsed.avg.per_second,cycle/second,"1,384,555,668.47"
557,129989,pinn,127.0.0.1,"void at::native::vectorized_elementwise_kernel<(int)4, at::native::sqrt_kernel_cuda(at::TensorIteratorBase &)::[lambda() (instance 2)]::operator ()() const::[lambda() (instance 4)]::operator ()() const::[lambda(float) (instance 1)], at::detail::Array<char *, (int)2>>(int, T2, T3)",2022-Sep-16 13:47:11,1,7,Command line profiler metrics,sm__cycles_elapsed.avg,cycle,"3,830.94"
557,129989,pinn,127.0.0.1,"void at::native::vectorized_elementwise_kernel<(int)4, at::native::sqrt_kernel_cuda(at::TensorIteratorBase &)::[lambda() (instance 2)]::operator ()() const::[lambda() (instance 4)]::operator ()() const::[lambda(float) (instance 1)], at::detail::Array<char *, (int)2>>(int, T2, T3)",2022-Sep-16 13:47:11,1,7,Command line profiler metrics,sm__cycles_elapsed.avg.per_second,cycle/second,"1,392,058,301.03"
558,129989,pinn,127.0.0.1,"void at::native::vectorized_elementwise_kernel<(int)4, at::native::BUnaryFunctor<float, float, float, at::native::MulFunctor<float>>, at::detail::Array<char *, (int)2>>(int, T2, T3)",2022-Sep-16 13:47:11,1,7,Command line profiler metrics,sm__cycles_elapsed.avg,cycle,"3,632.85"
558,129989,pinn,127.0.0.1,"void at::native::vectorized_elementwise_kernel<(int)4, at::native::BUnaryFunctor<float, float, float, at::native::MulFunctor<float>>, at::detail::Array<char *, (int)2>>(int, T2, T3)",2022-Sep-16 13:47:11,1,7,Command line profiler metrics,sm__cycles_elapsed.avg.per_second,cycle/second,"1,384,470,980.13"
559,129989,pinn,127.0.0.1,"void at::native::vectorized_elementwise_kernel<(int)4, at::native::CUDAFunctorOnSelf_add<float>, at::detail::Array<char *, (int)2>>(int, T2, T3)",2022-Sep-16 13:47:11,1,7,Command line profiler metrics,sm__cycles_elapsed.avg,cycle,"3,525.22"
559,129989,pinn,127.0.0.1,"void at::native::vectorized_elementwise_kernel<(int)4, at::native::CUDAFunctorOnSelf_add<float>, at::detail::Array<char *, (int)2>>(int, T2, T3)",2022-Sep-16 13:47:11,1,7,Command line profiler metrics,sm__cycles_elapsed.avg.per_second,cycle/second,"1,394,470,815.75"
560,129989,pinn,127.0.0.1,"void at::native::vectorized_elementwise_kernel<(int)4, at::native::addcdiv_cuda_kernel(at::TensorIteratorBase &, const c10::Scalar &)::[lambda() (instance 2)]::operator ()() const::[lambda() (instance 8)]::operator ()() const::[lambda(float, float, float) (instance 1)], at::detail::Array<char *, (int)4>>(int, T2, T3)",2022-Sep-16 13:47:11,1,7,Command line profiler metrics,sm__cycles_elapsed.avg,cycle,"4,011.69"
560,129989,pinn,127.0.0.1,"void at::native::vectorized_elementwise_kernel<(int)4, at::native::addcdiv_cuda_kernel(at::TensorIteratorBase &, const c10::Scalar &)::[lambda() (instance 2)]::operator ()() const::[lambda() (instance 8)]::operator ()() const::[lambda(float, float, float) (instance 1)], at::detail::Array<char *, (int)4>>(int, T2, T3)",2022-Sep-16 13:47:11,1,7,Command line profiler metrics,sm__cycles_elapsed.avg.per_second,cycle/second,"1,392,946,244.86"
561,129989,pinn,127.0.0.1,"void at::native::vectorized_elementwise_kernel<(int)4, at::native::FillFunctor<float>, at::detail::Array<char *, (int)1>>(int, T2, T3)",2022-Sep-16 13:47:11,1,7,Command line profiler metrics,sm__cycles_elapsed.avg,cycle,"3,251.39"
561,129989,pinn,127.0.0.1,"void at::native::vectorized_elementwise_kernel<(int)4, at::native::FillFunctor<float>, at::detail::Array<char *, (int)1>>(int, T2, T3)",2022-Sep-16 13:47:11,1,7,Command line profiler metrics,sm__cycles_elapsed.avg.per_second,cycle/second,"1,391,861,681.89"
562,129989,pinn,127.0.0.1,"void at::native::vectorized_elementwise_kernel<(int)4, at::native::FillFunctor<float>, at::detail::Array<char *, (int)1>>(int, T2, T3)",2022-Sep-16 13:47:11,1,7,Command line profiler metrics,sm__cycles_elapsed.avg,cycle,"3,513.26"
562,129989,pinn,127.0.0.1,"void at::native::vectorized_elementwise_kernel<(int)4, at::native::FillFunctor<float>, at::detail::Array<char *, (int)1>>(int, T2, T3)",2022-Sep-16 13:47:11,1,7,Command line profiler metrics,sm__cycles_elapsed.avg.per_second,cycle/second,"1,389,738,631.04"
563,129989,pinn,127.0.0.1,"void at::native::vectorized_elementwise_kernel<(int)4, at::native::AUnaryFunctor<float, float, float, at::native::MulFunctor<float>>, at::detail::Array<char *, (int)2>>(int, T2, T3)",2022-Sep-16 13:47:11,1,7,Command line profiler metrics,sm__cycles_elapsed.avg,cycle,"3,652.30"
563,129989,pinn,127.0.0.1,"void at::native::vectorized_elementwise_kernel<(int)4, at::native::AUnaryFunctor<float, float, float, at::native::MulFunctor<float>>, at::detail::Array<char *, (int)2>>(int, T2, T3)",2022-Sep-16 13:47:11,1,7,Command line profiler metrics,sm__cycles_elapsed.avg.per_second,cycle/second,"1,391,881,210.48"
564,129989,pinn,127.0.0.1,"void at::native::vectorized_elementwise_kernel<(int)4, at::native::CUDAFunctor_add<float>, at::detail::Array<char *, (int)3>>(int, T2, T3)",2022-Sep-16 13:47:11,1,7,Command line profiler metrics,sm__cycles_elapsed.avg,cycle,"3,666.85"
564,129989,pinn,127.0.0.1,"void at::native::vectorized_elementwise_kernel<(int)4, at::native::CUDAFunctor_add<float>, at::detail::Array<char *, (int)3>>(int, T2, T3)",2022-Sep-16 13:47:11,1,7,Command line profiler metrics,sm__cycles_elapsed.avg.per_second,cycle/second,"1,397,428,297.20"
565,129989,pinn,127.0.0.1,"void at::native::vectorized_elementwise_kernel<(int)4, at::native::AUnaryFunctor<float, float, float, at::native::MulFunctor<float>>, at::detail::Array<char *, (int)2>>(int, T2, T3)",2022-Sep-16 13:47:12,1,7,Command line profiler metrics,sm__cycles_elapsed.avg,cycle,"3,698.28"
565,129989,pinn,127.0.0.1,"void at::native::vectorized_elementwise_kernel<(int)4, at::native::AUnaryFunctor<float, float, float, at::native::MulFunctor<float>>, at::detail::Array<char *, (int)2>>(int, T2, T3)",2022-Sep-16 13:47:12,1,7,Command line profiler metrics,sm__cycles_elapsed.avg.per_second,cycle/second,"1,392,423,862.12"
566,129989,pinn,127.0.0.1,"void at::native::vectorized_elementwise_kernel<(int)4, at::native::addcmul_cuda_kernel(at::TensorIteratorBase &, const c10::Scalar &)::[lambda() (instance 2)]::operator ()() const::[lambda() (instance 8)]::operator ()() const::[lambda(float, float, float) (instance 1)], at::detail::Array<char *, (int)4>>(int, T2, T3)",2022-Sep-16 13:47:12,1,7,Command line profiler metrics,sm__cycles_elapsed.avg,cycle,"3,983.57"
566,129989,pinn,127.0.0.1,"void at::native::vectorized_elementwise_kernel<(int)4, at::native::addcmul_cuda_kernel(at::TensorIteratorBase &, const c10::Scalar &)::[lambda() (instance 2)]::operator ()() const::[lambda() (instance 8)]::operator ()() const::[lambda(float, float, float) (instance 1)], at::detail::Array<char *, (int)4>>(int, T2, T3)",2022-Sep-16 13:47:12,1,7,Command line profiler metrics,sm__cycles_elapsed.avg.per_second,cycle/second,"1,383,185,442.39"
567,129989,pinn,127.0.0.1,"void at::native::vectorized_elementwise_kernel<(int)4, at::native::sqrt_kernel_cuda(at::TensorIteratorBase &)::[lambda() (instance 2)]::operator ()() const::[lambda() (instance 4)]::operator ()() const::[lambda(float) (instance 1)], at::detail::Array<char *, (int)2>>(int, T2, T3)",2022-Sep-16 13:47:12,1,7,Command line profiler metrics,sm__cycles_elapsed.avg,cycle,"4,112.59"
567,129989,pinn,127.0.0.1,"void at::native::vectorized_elementwise_kernel<(int)4, at::native::sqrt_kernel_cuda(at::TensorIteratorBase &)::[lambda() (instance 2)]::operator ()() const::[lambda() (instance 4)]::operator ()() const::[lambda(float) (instance 1)], at::detail::Array<char *, (int)2>>(int, T2, T3)",2022-Sep-16 13:47:12,1,7,Command line profiler metrics,sm__cycles_elapsed.avg.per_second,cycle/second,"1,381,919,553.96"
568,129989,pinn,127.0.0.1,"void at::native::vectorized_elementwise_kernel<(int)4, at::native::BUnaryFunctor<float, float, float, at::native::MulFunctor<float>>, at::detail::Array<char *, (int)2>>(int, T2, T3)",2022-Sep-16 13:47:12,1,7,Command line profiler metrics,sm__cycles_elapsed.avg,cycle,"3,357.44"
568,129989,pinn,127.0.0.1,"void at::native::vectorized_elementwise_kernel<(int)4, at::native::BUnaryFunctor<float, float, float, at::native::MulFunctor<float>>, at::detail::Array<char *, (int)2>>(int, T2, T3)",2022-Sep-16 13:47:12,1,7,Command line profiler metrics,sm__cycles_elapsed.avg.per_second,cycle/second,"1,398,935,185.19"
569,129989,pinn,127.0.0.1,"void at::native::vectorized_elementwise_kernel<(int)4, at::native::CUDAFunctorOnSelf_add<float>, at::detail::Array<char *, (int)2>>(int, T2, T3)",2022-Sep-16 13:47:12,1,7,Command line profiler metrics,sm__cycles_elapsed.avg,cycle,"3,305.72"
569,129989,pinn,127.0.0.1,"void at::native::vectorized_elementwise_kernel<(int)4, at::native::CUDAFunctorOnSelf_add<float>, at::detail::Array<char *, (int)2>>(int, T2, T3)",2022-Sep-16 13:47:12,1,7,Command line profiler metrics,sm__cycles_elapsed.avg.per_second,cycle/second,"1,395,997,560.06"
570,129989,pinn,127.0.0.1,"void at::native::vectorized_elementwise_kernel<(int)4, at::native::addcdiv_cuda_kernel(at::TensorIteratorBase &, const c10::Scalar &)::[lambda() (instance 2)]::operator ()() const::[lambda() (instance 8)]::operator ()() const::[lambda(float, float, float) (instance 1)], at::detail::Array<char *, (int)4>>(int, T2, T3)",2022-Sep-16 13:47:12,1,7,Command line profiler metrics,sm__cycles_elapsed.avg,cycle,"4,597.87"
570,129989,pinn,127.0.0.1,"void at::native::vectorized_elementwise_kernel<(int)4, at::native::addcdiv_cuda_kernel(at::TensorIteratorBase &, const c10::Scalar &)::[lambda() (instance 2)]::operator ()() const::[lambda() (instance 8)]::operator ()() const::[lambda(float, float, float) (instance 1)], at::detail::Array<char *, (int)4>>(int, T2, T3)",2022-Sep-16 13:47:12,1,7,Command line profiler metrics,sm__cycles_elapsed.avg.per_second,cycle/second,"1,394,984,942.47"
571,129989,pinn,127.0.0.1,"void at::native::vectorized_elementwise_kernel<(int)4, at::native::FillFunctor<float>, at::detail::Array<char *, (int)1>>(int, T2, T3)",2022-Sep-16 13:47:12,1,7,Command line profiler metrics,sm__cycles_elapsed.avg,cycle,"3,209.15"
571,129989,pinn,127.0.0.1,"void at::native::vectorized_elementwise_kernel<(int)4, at::native::FillFunctor<float>, at::detail::Array<char *, (int)1>>(int, T2, T3)",2022-Sep-16 13:47:12,1,7,Command line profiler metrics,sm__cycles_elapsed.avg.per_second,cycle/second,"1,392,859,439.30"
572,129989,pinn,127.0.0.1,"void at::native::vectorized_elementwise_kernel<(int)4, at::native::FillFunctor<float>, at::detail::Array<char *, (int)1>>(int, T2, T3)",2022-Sep-16 13:47:12,1,7,Command line profiler metrics,sm__cycles_elapsed.avg,cycle,"3,174.02"
572,129989,pinn,127.0.0.1,"void at::native::vectorized_elementwise_kernel<(int)4, at::native::FillFunctor<float>, at::detail::Array<char *, (int)1>>(int, T2, T3)",2022-Sep-16 13:47:12,1,7,Command line profiler metrics,sm__cycles_elapsed.avg.per_second,cycle/second,"1,377,612,204.22"
573,129989,pinn,127.0.0.1,"void at::native::vectorized_elementwise_kernel<(int)4, at::native::AUnaryFunctor<float, float, float, at::native::MulFunctor<float>>, at::detail::Array<char *, (int)2>>(int, T2, T3)",2022-Sep-16 13:47:12,1,7,Command line profiler metrics,sm__cycles_elapsed.avg,cycle,"3,216.44"
573,129989,pinn,127.0.0.1,"void at::native::vectorized_elementwise_kernel<(int)4, at::native::AUnaryFunctor<float, float, float, at::native::MulFunctor<float>>, at::detail::Array<char *, (int)2>>(int, T2, T3)",2022-Sep-16 13:47:12,1,7,Command line profiler metrics,sm__cycles_elapsed.avg.per_second,cycle/second,"1,396,026,234.57"
574,129989,pinn,127.0.0.1,"void at::native::vectorized_elementwise_kernel<(int)4, at::native::CUDAFunctor_add<float>, at::detail::Array<char *, (int)3>>(int, T2, T3)",2022-Sep-16 13:47:12,1,7,Command line profiler metrics,sm__cycles_elapsed.avg,cycle,"3,547.98"
574,129989,pinn,127.0.0.1,"void at::native::vectorized_elementwise_kernel<(int)4, at::native::CUDAFunctor_add<float>, at::detail::Array<char *, (int)3>>(int, T2, T3)",2022-Sep-16 13:47:12,1,7,Command line profiler metrics,sm__cycles_elapsed.avg.per_second,cycle/second,"1,385,930,266.20"
575,129989,pinn,127.0.0.1,"void at::native::vectorized_elementwise_kernel<(int)4, at::native::AUnaryFunctor<float, float, float, at::native::MulFunctor<float>>, at::detail::Array<char *, (int)2>>(int, T2, T3)",2022-Sep-16 13:47:12,1,7,Command line profiler metrics,sm__cycles_elapsed.avg,cycle,"3,200.26"
575,129989,pinn,127.0.0.1,"void at::native::vectorized_elementwise_kernel<(int)4, at::native::AUnaryFunctor<float, float, float, at::native::MulFunctor<float>>, at::detail::Array<char *, (int)2>>(int, T2, T3)",2022-Sep-16 13:47:12,1,7,Command line profiler metrics,sm__cycles_elapsed.avg.per_second,cycle/second,"1,389,001,414.61"
576,129989,pinn,127.0.0.1,"void at::native::vectorized_elementwise_kernel<(int)4, at::native::addcmul_cuda_kernel(at::TensorIteratorBase &, const c10::Scalar &)::[lambda() (instance 2)]::operator ()() const::[lambda() (instance 8)]::operator ()() const::[lambda(float, float, float) (instance 1)], at::detail::Array<char *, (int)4>>(int, T2, T3)",2022-Sep-16 13:47:12,1,7,Command line profiler metrics,sm__cycles_elapsed.avg,cycle,"3,637.83"
576,129989,pinn,127.0.0.1,"void at::native::vectorized_elementwise_kernel<(int)4, at::native::addcmul_cuda_kernel(at::TensorIteratorBase &, const c10::Scalar &)::[lambda() (instance 2)]::operator ()() const::[lambda() (instance 8)]::operator ()() const::[lambda(float, float, float) (instance 1)], at::detail::Array<char *, (int)4>>(int, T2, T3)",2022-Sep-16 13:47:12,1,7,Command line profiler metrics,sm__cycles_elapsed.avg.per_second,cycle/second,"1,386,369,410.57"
577,129989,pinn,127.0.0.1,"void at::native::vectorized_elementwise_kernel<(int)4, at::native::sqrt_kernel_cuda(at::TensorIteratorBase &)::[lambda() (instance 2)]::operator ()() const::[lambda() (instance 4)]::operator ()() const::[lambda(float) (instance 1)], at::detail::Array<char *, (int)2>>(int, T2, T3)",2022-Sep-16 13:47:12,1,7,Command line profiler metrics,sm__cycles_elapsed.avg,cycle,"3,508.98"
577,129989,pinn,127.0.0.1,"void at::native::vectorized_elementwise_kernel<(int)4, at::native::sqrt_kernel_cuda(at::TensorIteratorBase &)::[lambda() (instance 2)]::operator ()() const::[lambda() (instance 4)]::operator ()() const::[lambda(float) (instance 1)], at::detail::Array<char *, (int)2>>(int, T2, T3)",2022-Sep-16 13:47:12,1,7,Command line profiler metrics,sm__cycles_elapsed.avg.per_second,cycle/second,"1,388,046,472.11"
578,129989,pinn,127.0.0.1,"void at::native::vectorized_elementwise_kernel<(int)4, at::native::BUnaryFunctor<float, float, float, at::native::MulFunctor<float>>, at::detail::Array<char *, (int)2>>(int, T2, T3)",2022-Sep-16 13:47:12,1,7,Command line profiler metrics,sm__cycles_elapsed.avg,cycle,"3,220.70"
578,129989,pinn,127.0.0.1,"void at::native::vectorized_elementwise_kernel<(int)4, at::native::BUnaryFunctor<float, float, float, at::native::MulFunctor<float>>, at::detail::Array<char *, (int)2>>(int, T2, T3)",2022-Sep-16 13:47:12,1,7,Command line profiler metrics,sm__cycles_elapsed.avg.per_second,cycle/second,"1,378,725,900.56"
579,129989,pinn,127.0.0.1,"void at::native::vectorized_elementwise_kernel<(int)4, at::native::CUDAFunctorOnSelf_add<float>, at::detail::Array<char *, (int)2>>(int, T2, T3)",2022-Sep-16 13:47:12,1,7,Command line profiler metrics,sm__cycles_elapsed.avg,cycle,"3,213.13"
579,129989,pinn,127.0.0.1,"void at::native::vectorized_elementwise_kernel<(int)4, at::native::CUDAFunctorOnSelf_add<float>, at::detail::Array<char *, (int)2>>(int, T2, T3)",2022-Sep-16 13:47:12,1,7,Command line profiler metrics,sm__cycles_elapsed.avg.per_second,cycle/second,"1,394,587,512.86"
580,129989,pinn,127.0.0.1,"void at::native::vectorized_elementwise_kernel<(int)4, at::native::addcdiv_cuda_kernel(at::TensorIteratorBase &, const c10::Scalar &)::[lambda() (instance 2)]::operator ()() const::[lambda() (instance 8)]::operator ()() const::[lambda(float, float, float) (instance 1)], at::detail::Array<char *, (int)4>>(int, T2, T3)",2022-Sep-16 13:47:12,1,7,Command line profiler metrics,sm__cycles_elapsed.avg,cycle,"3,991.15"
580,129989,pinn,127.0.0.1,"void at::native::vectorized_elementwise_kernel<(int)4, at::native::addcdiv_cuda_kernel(at::TensorIteratorBase &, const c10::Scalar &)::[lambda() (instance 2)]::operator ()() const::[lambda() (instance 8)]::operator ()() const::[lambda(float, float, float) (instance 1)], at::detail::Array<char *, (int)4>>(int, T2, T3)",2022-Sep-16 13:47:12,1,7,Command line profiler metrics,sm__cycles_elapsed.avg.per_second,cycle/second,"1,385,815,329.22"
581,129989,pinn,127.0.0.1,"void at::native::vectorized_elementwise_kernel<(int)4, at::native::FillFunctor<float>, at::detail::Array<char *, (int)1>>(int, T2, T3)",2022-Sep-16 13:47:12,1,7,Command line profiler metrics,sm__cycles_elapsed.avg,cycle,"3,181.31"
581,129989,pinn,127.0.0.1,"void at::native::vectorized_elementwise_kernel<(int)4, at::native::FillFunctor<float>, at::detail::Array<char *, (int)1>>(int, T2, T3)",2022-Sep-16 13:47:12,1,7,Command line profiler metrics,sm__cycles_elapsed.avg.per_second,cycle/second,"1,380,778,999.49"
582,129989,pinn,127.0.0.1,"void at::native::vectorized_elementwise_kernel<(int)4, at::native::FillFunctor<float>, at::detail::Array<char *, (int)1>>(int, T2, T3)",2022-Sep-16 13:47:12,1,7,Command line profiler metrics,sm__cycles_elapsed.avg,cycle,"3,180.15"
582,129989,pinn,127.0.0.1,"void at::native::vectorized_elementwise_kernel<(int)4, at::native::FillFunctor<float>, at::detail::Array<char *, (int)1>>(int, T2, T3)",2022-Sep-16 13:47:12,1,7,Command line profiler metrics,sm__cycles_elapsed.avg.per_second,cycle/second,"1,380,272,633.74"
583,129989,pinn,127.0.0.1,"void at::native::vectorized_elementwise_kernel<(int)4, at::native::AUnaryFunctor<float, float, float, at::native::MulFunctor<float>>, at::detail::Array<char *, (int)2>>(int, T2, T3)",2022-Sep-16 13:47:12,1,7,Command line profiler metrics,sm__cycles_elapsed.avg,cycle,"3,444.33"
583,129989,pinn,127.0.0.1,"void at::native::vectorized_elementwise_kernel<(int)4, at::native::AUnaryFunctor<float, float, float, at::native::MulFunctor<float>>, at::detail::Array<char *, (int)2>>(int, T2, T3)",2022-Sep-16 13:47:12,1,7,Command line profiler metrics,sm__cycles_elapsed.avg.per_second,cycle/second,"1,397,862,554.11"
584,129989,pinn,127.0.0.1,"void at::native::vectorized_elementwise_kernel<(int)4, at::native::CUDAFunctor_add<float>, at::detail::Array<char *, (int)3>>(int, T2, T3)",2022-Sep-16 13:47:12,1,7,Command line profiler metrics,sm__cycles_elapsed.avg,cycle,"3,372.72"
584,129989,pinn,127.0.0.1,"void at::native::vectorized_elementwise_kernel<(int)4, at::native::CUDAFunctor_add<float>, at::detail::Array<char *, (int)3>>(int, T2, T3)",2022-Sep-16 13:47:12,1,7,Command line profiler metrics,sm__cycles_elapsed.avg.per_second,cycle/second,"1,386,810,124.27"
585,129989,pinn,127.0.0.1,"void at::native::vectorized_elementwise_kernel<(int)4, at::native::AUnaryFunctor<float, float, float, at::native::MulFunctor<float>>, at::detail::Array<char *, (int)2>>(int, T2, T3)",2022-Sep-16 13:47:12,1,7,Command line profiler metrics,sm__cycles_elapsed.avg,cycle,"3,324.83"
585,129989,pinn,127.0.0.1,"void at::native::vectorized_elementwise_kernel<(int)4, at::native::AUnaryFunctor<float, float, float, at::native::MulFunctor<float>>, at::detail::Array<char *, (int)2>>(int, T2, T3)",2022-Sep-16 13:47:12,1,7,Command line profiler metrics,sm__cycles_elapsed.avg.per_second,cycle/second,"1,385,347,222.22"
586,129989,pinn,127.0.0.1,"void at::native::vectorized_elementwise_kernel<(int)4, at::native::addcmul_cuda_kernel(at::TensorIteratorBase &, const c10::Scalar &)::[lambda() (instance 2)]::operator ()() const::[lambda() (instance 8)]::operator ()() const::[lambda(float, float, float) (instance 1)], at::detail::Array<char *, (int)4>>(int, T2, T3)",2022-Sep-16 13:47:12,1,7,Command line profiler metrics,sm__cycles_elapsed.avg,cycle,"3,739.56"
586,129989,pinn,127.0.0.1,"void at::native::vectorized_elementwise_kernel<(int)4, at::native::addcmul_cuda_kernel(at::TensorIteratorBase &, const c10::Scalar &)::[lambda() (instance 2)]::operator ()() const::[lambda() (instance 8)]::operator ()() const::[lambda(float, float, float) (instance 1)], at::detail::Array<char *, (int)4>>(int, T2, T3)",2022-Sep-16 13:47:12,1,7,Command line profiler metrics,sm__cycles_elapsed.avg.per_second,cycle/second,"1,391,203,703.70"
587,129989,pinn,127.0.0.1,"void at::native::vectorized_elementwise_kernel<(int)4, at::native::sqrt_kernel_cuda(at::TensorIteratorBase &)::[lambda() (instance 2)]::operator ()() const::[lambda() (instance 4)]::operator ()() const::[lambda(float) (instance 1)], at::detail::Array<char *, (int)2>>(int, T2, T3)",2022-Sep-16 13:47:12,1,7,Command line profiler metrics,sm__cycles_elapsed.avg,cycle,"3,894.56"
587,129989,pinn,127.0.0.1,"void at::native::vectorized_elementwise_kernel<(int)4, at::native::sqrt_kernel_cuda(at::TensorIteratorBase &)::[lambda() (instance 2)]::operator ()() const::[lambda() (instance 4)]::operator ()() const::[lambda(float) (instance 1)], at::detail::Array<char *, (int)2>>(int, T2, T3)",2022-Sep-16 13:47:12,1,7,Command line profiler metrics,sm__cycles_elapsed.avg.per_second,cycle/second,"1,398,906,449.55"
588,129989,pinn,127.0.0.1,"void at::native::vectorized_elementwise_kernel<(int)4, at::native::BUnaryFunctor<float, float, float, at::native::MulFunctor<float>>, at::detail::Array<char *, (int)2>>(int, T2, T3)",2022-Sep-16 13:47:12,1,7,Command line profiler metrics,sm__cycles_elapsed.avg,cycle,"3,643.83"
588,129989,pinn,127.0.0.1,"void at::native::vectorized_elementwise_kernel<(int)4, at::native::BUnaryFunctor<float, float, float, at::native::MulFunctor<float>>, at::detail::Array<char *, (int)2>>(int, T2, T3)",2022-Sep-16 13:47:12,1,7,Command line profiler metrics,sm__cycles_elapsed.avg.per_second,cycle/second,"1,388,655,995.93"
589,129989,pinn,127.0.0.1,"void at::native::vectorized_elementwise_kernel<(int)4, at::native::CUDAFunctorOnSelf_add<float>, at::detail::Array<char *, (int)2>>(int, T2, T3)",2022-Sep-16 13:47:12,1,7,Command line profiler metrics,sm__cycles_elapsed.avg,cycle,"3,868.19"
589,129989,pinn,127.0.0.1,"void at::native::vectorized_elementwise_kernel<(int)4, at::native::CUDAFunctorOnSelf_add<float>, at::detail::Array<char *, (int)2>>(int, T2, T3)",2022-Sep-16 13:47:12,1,7,Command line profiler metrics,sm__cycles_elapsed.avg.per_second,cycle/second,"1,389,434,333.76"
590,129989,pinn,127.0.0.1,"void at::native::vectorized_elementwise_kernel<(int)4, at::native::addcdiv_cuda_kernel(at::TensorIteratorBase &, const c10::Scalar &)::[lambda() (instance 2)]::operator ()() const::[lambda() (instance 8)]::operator ()() const::[lambda(float, float, float) (instance 1)], at::detail::Array<char *, (int)4>>(int, T2, T3)",2022-Sep-16 13:47:12,1,7,Command line profiler metrics,sm__cycles_elapsed.avg,cycle,"4,538.56"
590,129989,pinn,127.0.0.1,"void at::native::vectorized_elementwise_kernel<(int)4, at::native::addcdiv_cuda_kernel(at::TensorIteratorBase &, const c10::Scalar &)::[lambda() (instance 2)]::operator ()() const::[lambda() (instance 8)]::operator ()() const::[lambda(float, float, float) (instance 1)], at::detail::Array<char *, (int)4>>(int, T2, T3)",2022-Sep-16 13:47:12,1,7,Command line profiler metrics,sm__cycles_elapsed.avg.per_second,cycle/second,"1,390,488,834.42"
591,129989,pinn,127.0.0.1,"void at::native::vectorized_elementwise_kernel<(int)4, at::native::FillFunctor<float>, at::detail::Array<char *, (int)1>>(int, T2, T3)",2022-Sep-16 13:47:12,1,7,Command line profiler metrics,sm__cycles_elapsed.avg,cycle,"3,182.80"
591,129989,pinn,127.0.0.1,"void at::native::vectorized_elementwise_kernel<(int)4, at::native::FillFunctor<float>, at::detail::Array<char *, (int)1>>(int, T2, T3)",2022-Sep-16 13:47:12,1,7,Command line profiler metrics,sm__cycles_elapsed.avg.per_second,cycle/second,"1,381,422,003.60"
592,129989,pinn,127.0.0.1,"void at::native::vectorized_elementwise_kernel<(int)4, at::native::FillFunctor<float>, at::detail::Array<char *, (int)1>>(int, T2, T3)",2022-Sep-16 13:47:12,1,7,Command line profiler metrics,sm__cycles_elapsed.avg,cycle,"3,407.19"
592,129989,pinn,127.0.0.1,"void at::native::vectorized_elementwise_kernel<(int)4, at::native::FillFunctor<float>, at::detail::Array<char *, (int)1>>(int, T2, T3)",2022-Sep-16 13:47:12,1,7,Command line profiler metrics,sm__cycles_elapsed.avg.per_second,cycle/second,"1,382,786,195.29"
593,129989,pinn,127.0.0.1,"void at::native::vectorized_elementwise_kernel<(int)4, at::native::AUnaryFunctor<float, float, float, at::native::MulFunctor<float>>, at::detail::Array<char *, (int)2>>(int, T2, T3)",2022-Sep-16 13:47:12,1,7,Command line profiler metrics,sm__cycles_elapsed.avg,cycle,"3,422.43"
593,129989,pinn,127.0.0.1,"void at::native::vectorized_elementwise_kernel<(int)4, at::native::AUnaryFunctor<float, float, float, at::native::MulFunctor<float>>, at::detail::Array<char *, (int)2>>(int, T2, T3)",2022-Sep-16 13:47:12,1,7,Command line profiler metrics,sm__cycles_elapsed.avg.per_second,cycle/second,"1,371,164,233.14"
594,129989,pinn,127.0.0.1,"void at::native::vectorized_elementwise_kernel<(int)4, at::native::CUDAFunctor_add<float>, at::detail::Array<char *, (int)3>>(int, T2, T3)",2022-Sep-16 13:47:12,1,7,Command line profiler metrics,sm__cycles_elapsed.avg,cycle,"3,724.31"
594,129989,pinn,127.0.0.1,"void at::native::vectorized_elementwise_kernel<(int)4, at::native::CUDAFunctor_add<float>, at::detail::Array<char *, (int)3>>(int, T2, T3)",2022-Sep-16 13:47:12,1,7,Command line profiler metrics,sm__cycles_elapsed.avg.per_second,cycle/second,"1,385,533,785.27"
595,129989,pinn,127.0.0.1,"void at::native::vectorized_elementwise_kernel<(int)4, at::native::AUnaryFunctor<float, float, float, at::native::MulFunctor<float>>, at::detail::Array<char *, (int)2>>(int, T2, T3)",2022-Sep-16 13:47:12,1,7,Command line profiler metrics,sm__cycles_elapsed.avg,cycle,"3,197"
595,129989,pinn,127.0.0.1,"void at::native::vectorized_elementwise_kernel<(int)4, at::native::AUnaryFunctor<float, float, float, at::native::MulFunctor<float>>, at::detail::Array<char *, (int)2>>(int, T2, T3)",2022-Sep-16 13:47:12,1,7,Command line profiler metrics,sm__cycles_elapsed.avg.per_second,cycle/second,"1,387,586,805.56"
596,129989,pinn,127.0.0.1,"void at::native::vectorized_elementwise_kernel<(int)4, at::native::addcmul_cuda_kernel(at::TensorIteratorBase &, const c10::Scalar &)::[lambda() (instance 2)]::operator ()() const::[lambda() (instance 8)]::operator ()() const::[lambda(float, float, float) (instance 1)], at::detail::Array<char *, (int)4>>(int, T2, T3)",2022-Sep-16 13:47:12,1,7,Command line profiler metrics,sm__cycles_elapsed.avg,cycle,"3,982.41"
596,129989,pinn,127.0.0.1,"void at::native::vectorized_elementwise_kernel<(int)4, at::native::addcmul_cuda_kernel(at::TensorIteratorBase &, const c10::Scalar &)::[lambda() (instance 2)]::operator ()() const::[lambda() (instance 8)]::operator ()() const::[lambda(float, float, float) (instance 1)], at::detail::Array<char *, (int)4>>(int, T2, T3)",2022-Sep-16 13:47:12,1,7,Command line profiler metrics,sm__cycles_elapsed.avg.per_second,cycle/second,"1,398,317,207.66"
597,129989,pinn,127.0.0.1,"void at::native::vectorized_elementwise_kernel<(int)4, at::native::sqrt_kernel_cuda(at::TensorIteratorBase &)::[lambda() (instance 2)]::operator ()() const::[lambda() (instance 4)]::operator ()() const::[lambda(float) (instance 1)], at::detail::Array<char *, (int)2>>(int, T2, T3)",2022-Sep-16 13:47:12,1,7,Command line profiler metrics,sm__cycles_elapsed.avg,cycle,"3,485.43"
597,129989,pinn,127.0.0.1,"void at::native::vectorized_elementwise_kernel<(int)4, at::native::sqrt_kernel_cuda(at::TensorIteratorBase &)::[lambda() (instance 2)]::operator ()() const::[lambda() (instance 4)]::operator ()() const::[lambda(float) (instance 1)], at::detail::Array<char *, (int)2>>(int, T2, T3)",2022-Sep-16 13:47:12,1,7,Command line profiler metrics,sm__cycles_elapsed.avg.per_second,cycle/second,"1,396,404,617.76"
598,129989,pinn,127.0.0.1,"void at::native::vectorized_elementwise_kernel<(int)4, at::native::BUnaryFunctor<float, float, float, at::native::MulFunctor<float>>, at::detail::Array<char *, (int)2>>(int, T2, T3)",2022-Sep-16 13:47:12,1,7,Command line profiler metrics,sm__cycles_elapsed.avg,cycle,"3,536.26"
598,129989,pinn,127.0.0.1,"void at::native::vectorized_elementwise_kernel<(int)4, at::native::BUnaryFunctor<float, float, float, at::native::MulFunctor<float>>, at::detail::Array<char *, (int)2>>(int, T2, T3)",2022-Sep-16 13:47:12,1,7,Command line profiler metrics,sm__cycles_elapsed.avg.per_second,cycle/second,"1,381,351,273.15"
599,129989,pinn,127.0.0.1,"void at::native::vectorized_elementwise_kernel<(int)4, at::native::CUDAFunctorOnSelf_add<float>, at::detail::Array<char *, (int)2>>(int, T2, T3)",2022-Sep-16 13:47:12,1,7,Command line profiler metrics,sm__cycles_elapsed.avg,cycle,"3,520.57"
599,129989,pinn,127.0.0.1,"void at::native::vectorized_elementwise_kernel<(int)4, at::native::CUDAFunctorOnSelf_add<float>, at::detail::Array<char *, (int)2>>(int, T2, T3)",2022-Sep-16 13:47:12,1,7,Command line profiler metrics,sm__cycles_elapsed.avg.per_second,cycle/second,"1,375,224,247.69"
600,129989,pinn,127.0.0.1,"void at::native::vectorized_elementwise_kernel<(int)4, at::native::addcdiv_cuda_kernel(at::TensorIteratorBase &, const c10::Scalar &)::[lambda() (instance 2)]::operator ()() const::[lambda() (instance 8)]::operator ()() const::[lambda(float, float, float) (instance 1)], at::detail::Array<char *, (int)4>>(int, T2, T3)",2022-Sep-16 13:47:12,1,7,Command line profiler metrics,sm__cycles_elapsed.avg,cycle,"3,993"
600,129989,pinn,127.0.0.1,"void at::native::vectorized_elementwise_kernel<(int)4, at::native::addcdiv_cuda_kernel(at::TensorIteratorBase &, const c10::Scalar &)::[lambda() (instance 2)]::operator ()() const::[lambda() (instance 8)]::operator ()() const::[lambda(float, float, float) (instance 1)], at::detail::Array<char *, (int)4>>(int, T2, T3)",2022-Sep-16 13:47:12,1,7,Command line profiler metrics,sm__cycles_elapsed.avg.per_second,cycle/second,"1,386,458,333.33"
601,129989,pinn,127.0.0.1,"void at::native::vectorized_elementwise_kernel<(int)4, at::native::FillFunctor<float>, at::detail::Array<char *, (int)1>>(int, T2, T3)",2022-Sep-16 13:47:12,1,7,Command line profiler metrics,sm__cycles_elapsed.avg,cycle,"3,215.72"
601,129989,pinn,127.0.0.1,"void at::native::vectorized_elementwise_kernel<(int)4, at::native::FillFunctor<float>, at::detail::Array<char *, (int)1>>(int, T2, T3)",2022-Sep-16 13:47:12,1,7,Command line profiler metrics,sm__cycles_elapsed.avg.per_second,cycle/second,"1,376,593,417.05"
602,129989,pinn,127.0.0.1,"void at::native::vectorized_elementwise_kernel<(int)4, at::native::FillFunctor<float>, at::detail::Array<char *, (int)1>>(int, T2, T3)",2022-Sep-16 13:47:12,1,7,Command line profiler metrics,sm__cycles_elapsed.avg,cycle,"3,209.56"
602,129989,pinn,127.0.0.1,"void at::native::vectorized_elementwise_kernel<(int)4, at::native::FillFunctor<float>, at::detail::Array<char *, (int)1>>(int, T2, T3)",2022-Sep-16 13:47:12,1,7,Command line profiler metrics,sm__cycles_elapsed.avg.per_second,cycle/second,"1,373,953,576.86"
603,129989,pinn,127.0.0.1,"void at::native::vectorized_elementwise_kernel<(int)4, at::native::AUnaryFunctor<float, float, float, at::native::MulFunctor<float>>, at::detail::Array<char *, (int)2>>(int, T2, T3)",2022-Sep-16 13:47:12,1,7,Command line profiler metrics,sm__cycles_elapsed.avg,cycle,"3,684.98"
603,129989,pinn,127.0.0.1,"void at::native::vectorized_elementwise_kernel<(int)4, at::native::AUnaryFunctor<float, float, float, at::native::MulFunctor<float>>, at::detail::Array<char *, (int)2>>(int, T2, T3)",2022-Sep-16 13:47:12,1,7,Command line profiler metrics,sm__cycles_elapsed.avg.per_second,cycle/second,"1,387,417,726.46"
604,129989,pinn,127.0.0.1,"void at::native::vectorized_elementwise_kernel<(int)4, at::native::CUDAFunctor_add<float>, at::detail::Array<char *, (int)3>>(int, T2, T3)",2022-Sep-16 13:47:12,1,7,Command line profiler metrics,sm__cycles_elapsed.avg,cycle,"3,579.30"
604,129989,pinn,127.0.0.1,"void at::native::vectorized_elementwise_kernel<(int)4, at::native::CUDAFunctor_add<float>, at::detail::Array<char *, (int)3>>(int, T2, T3)",2022-Sep-16 13:47:12,1,7,Command line profiler metrics,sm__cycles_elapsed.avg.per_second,cycle/second,"1,398,162,615.74"
605,129989,pinn,127.0.0.1,"void at::native::vectorized_elementwise_kernel<(int)4, at::native::AUnaryFunctor<float, float, float, at::native::MulFunctor<float>>, at::detail::Array<char *, (int)2>>(int, T2, T3)",2022-Sep-16 13:47:12,1,7,Command line profiler metrics,sm__cycles_elapsed.avg,cycle,"3,658.83"
605,129989,pinn,127.0.0.1,"void at::native::vectorized_elementwise_kernel<(int)4, at::native::AUnaryFunctor<float, float, float, at::native::MulFunctor<float>>, at::detail::Array<char *, (int)2>>(int, T2, T3)",2022-Sep-16 13:47:12,1,7,Command line profiler metrics,sm__cycles_elapsed.avg.per_second,cycle/second,"1,394,372,459.35"
606,129989,pinn,127.0.0.1,"void at::native::vectorized_elementwise_kernel<(int)4, at::native::addcmul_cuda_kernel(at::TensorIteratorBase &, const c10::Scalar &)::[lambda() (instance 2)]::operator ()() const::[lambda() (instance 8)]::operator ()() const::[lambda(float, float, float) (instance 1)], at::detail::Array<char *, (int)4>>(int, T2, T3)",2022-Sep-16 13:47:12,1,7,Command line profiler metrics,sm__cycles_elapsed.avg,cycle,"3,797.69"
606,129989,pinn,127.0.0.1,"void at::native::vectorized_elementwise_kernel<(int)4, at::native::addcmul_cuda_kernel(at::TensorIteratorBase &, const c10::Scalar &)::[lambda() (instance 2)]::operator ()() const::[lambda() (instance 8)]::operator ()() const::[lambda(float, float, float) (instance 1)], at::detail::Array<char *, (int)4>>(int, T2, T3)",2022-Sep-16 13:47:12,1,7,Command line profiler metrics,sm__cycles_elapsed.avg.per_second,cycle/second,"1,396,207,788.67"
607,129989,pinn,127.0.0.1,"void at::native::vectorized_elementwise_kernel<(int)4, at::native::sqrt_kernel_cuda(at::TensorIteratorBase &)::[lambda() (instance 2)]::operator ()() const::[lambda() (instance 4)]::operator ()() const::[lambda(float) (instance 1)], at::detail::Array<char *, (int)2>>(int, T2, T3)",2022-Sep-16 13:47:12,1,7,Command line profiler metrics,sm__cycles_elapsed.avg,cycle,"3,769.15"
607,129989,pinn,127.0.0.1,"void at::native::vectorized_elementwise_kernel<(int)4, at::native::sqrt_kernel_cuda(at::TensorIteratorBase &)::[lambda() (instance 2)]::operator ()() const::[lambda() (instance 4)]::operator ()() const::[lambda(float) (instance 1)], at::detail::Array<char *, (int)2>>(int, T2, T3)",2022-Sep-16 13:47:12,1,7,Command line profiler metrics,sm__cycles_elapsed.avg.per_second,cycle/second,"1,385,716,230.94"
608,129989,pinn,127.0.0.1,"void at::native::vectorized_elementwise_kernel<(int)4, at::native::BUnaryFunctor<float, float, float, at::native::MulFunctor<float>>, at::detail::Array<char *, (int)2>>(int, T2, T3)",2022-Sep-16 13:47:12,1,7,Command line profiler metrics,sm__cycles_elapsed.avg,cycle,"3,636.70"
608,129989,pinn,127.0.0.1,"void at::native::vectorized_elementwise_kernel<(int)4, at::native::BUnaryFunctor<float, float, float, at::native::MulFunctor<float>>, at::detail::Array<char *, (int)2>>(int, T2, T3)",2022-Sep-16 13:47:12,1,7,Command line profiler metrics,sm__cycles_elapsed.avg.per_second,cycle/second,"1,385,938,911.47"
609,129989,pinn,127.0.0.1,"void at::native::vectorized_elementwise_kernel<(int)4, at::native::CUDAFunctorOnSelf_add<float>, at::detail::Array<char *, (int)2>>(int, T2, T3)",2022-Sep-16 13:47:12,1,7,Command line profiler metrics,sm__cycles_elapsed.avg,cycle,"3,739.85"
609,129989,pinn,127.0.0.1,"void at::native::vectorized_elementwise_kernel<(int)4, at::native::CUDAFunctorOnSelf_add<float>, at::detail::Array<char *, (int)2>>(int, T2, T3)",2022-Sep-16 13:47:12,1,7,Command line profiler metrics,sm__cycles_elapsed.avg.per_second,cycle/second,"1,391,313,932.98"
610,129989,pinn,127.0.0.1,"void at::native::vectorized_elementwise_kernel<(int)4, at::native::addcdiv_cuda_kernel(at::TensorIteratorBase &, const c10::Scalar &)::[lambda() (instance 2)]::operator ()() const::[lambda() (instance 8)]::operator ()() const::[lambda(float, float, float) (instance 1)], at::detail::Array<char *, (int)4>>(int, T2, T3)",2022-Sep-16 13:47:12,1,7,Command line profiler metrics,sm__cycles_elapsed.avg,cycle,"4,062.15"
610,129989,pinn,127.0.0.1,"void at::native::vectorized_elementwise_kernel<(int)4, at::native::addcdiv_cuda_kernel(at::TensorIteratorBase &, const c10::Scalar &)::[lambda() (instance 2)]::operator ()() const::[lambda() (instance 8)]::operator ()() const::[lambda(float, float, float) (instance 1)], at::detail::Array<char *, (int)4>>(int, T2, T3)",2022-Sep-16 13:47:12,1,7,Command line profiler metrics,sm__cycles_elapsed.avg.per_second,cycle/second,"1,394,968,457.47"
611,129989,pinn,127.0.0.1,"void at::native::vectorized_elementwise_kernel<(int)4, at::native::FillFunctor<float>, at::detail::Array<char *, (int)1>>(int, T2, T3)",2022-Sep-16 13:47:12,1,7,Command line profiler metrics,sm__cycles_elapsed.avg,cycle,"3,237.41"
611,129989,pinn,127.0.0.1,"void at::native::vectorized_elementwise_kernel<(int)4, at::native::FillFunctor<float>, at::detail::Array<char *, (int)1>>(int, T2, T3)",2022-Sep-16 13:47:12,1,7,Command line profiler metrics,sm__cycles_elapsed.avg.per_second,cycle/second,"1,385,876,458.65"
612,129989,pinn,127.0.0.1,"void at::native::vectorized_elementwise_kernel<(int)4, at::native::FillFunctor<float>, at::detail::Array<char *, (int)1>>(int, T2, T3)",2022-Sep-16 13:47:12,1,7,Command line profiler metrics,sm__cycles_elapsed.avg,cycle,"3,177.70"
612,129989,pinn,127.0.0.1,"void at::native::vectorized_elementwise_kernel<(int)4, at::native::FillFunctor<float>, at::detail::Array<char *, (int)1>>(int, T2, T3)",2022-Sep-16 13:47:12,1,7,Command line profiler metrics,sm__cycles_elapsed.avg.per_second,cycle/second,"1,398,637,193.53"
613,129989,pinn,127.0.0.1,"void at::native::vectorized_elementwise_kernel<(int)4, at::native::AUnaryFunctor<float, float, float, at::native::MulFunctor<float>>, at::detail::Array<char *, (int)2>>(int, T2, T3)",2022-Sep-16 13:47:12,1,7,Command line profiler metrics,sm__cycles_elapsed.avg,cycle,"3,553.19"
613,129989,pinn,127.0.0.1,"void at::native::vectorized_elementwise_kernel<(int)4, at::native::AUnaryFunctor<float, float, float, at::native::MulFunctor<float>>, at::detail::Array<char *, (int)2>>(int, T2, T3)",2022-Sep-16 13:47:12,1,7,Command line profiler metrics,sm__cycles_elapsed.avg.per_second,cycle/second,"1,387,962,962.96"
614,129989,pinn,127.0.0.1,"void at::native::vectorized_elementwise_kernel<(int)4, at::native::CUDAFunctor_add<float>, at::detail::Array<char *, (int)3>>(int, T2, T3)",2022-Sep-16 13:47:12,1,7,Command line profiler metrics,sm__cycles_elapsed.avg,cycle,"3,508.13"
614,129989,pinn,127.0.0.1,"void at::native::vectorized_elementwise_kernel<(int)4, at::native::CUDAFunctor_add<float>, at::detail::Array<char *, (int)3>>(int, T2, T3)",2022-Sep-16 13:47:12,1,7,Command line profiler metrics,sm__cycles_elapsed.avg.per_second,cycle/second,"1,387,709,505.39"
615,129989,pinn,127.0.0.1,"void at::native::vectorized_elementwise_kernel<(int)4, at::native::AUnaryFunctor<float, float, float, at::native::MulFunctor<float>>, at::detail::Array<char *, (int)2>>(int, T2, T3)",2022-Sep-16 13:47:12,1,7,Command line profiler metrics,sm__cycles_elapsed.avg,cycle,"3,474.30"
615,129989,pinn,127.0.0.1,"void at::native::vectorized_elementwise_kernel<(int)4, at::native::AUnaryFunctor<float, float, float, at::native::MulFunctor<float>>, at::detail::Array<char *, (int)2>>(int, T2, T3)",2022-Sep-16 13:47:12,1,7,Command line profiler metrics,sm__cycles_elapsed.avg.per_second,cycle/second,"1,391,945,631.53"
616,129989,pinn,127.0.0.1,"void at::native::vectorized_elementwise_kernel<(int)4, at::native::addcmul_cuda_kernel(at::TensorIteratorBase &, const c10::Scalar &)::[lambda() (instance 2)]::operator ()() const::[lambda() (instance 8)]::operator ()() const::[lambda(float, float, float) (instance 1)], at::detail::Array<char *, (int)4>>(int, T2, T3)",2022-Sep-16 13:47:12,1,7,Command line profiler metrics,sm__cycles_elapsed.avg,cycle,"3,670.87"
616,129989,pinn,127.0.0.1,"void at::native::vectorized_elementwise_kernel<(int)4, at::native::addcmul_cuda_kernel(at::TensorIteratorBase &, const c10::Scalar &)::[lambda() (instance 2)]::operator ()() const::[lambda() (instance 8)]::operator ()() const::[lambda(float, float, float) (instance 1)], at::detail::Array<char *, (int)4>>(int, T2, T3)",2022-Sep-16 13:47:12,1,7,Command line profiler metrics,sm__cycles_elapsed.avg.per_second,cycle/second,"1,398,959,744.81"
617,129989,pinn,127.0.0.1,"void at::native::vectorized_elementwise_kernel<(int)4, at::native::sqrt_kernel_cuda(at::TensorIteratorBase &)::[lambda() (instance 2)]::operator ()() const::[lambda() (instance 4)]::operator ()() const::[lambda(float) (instance 1)], at::detail::Array<char *, (int)2>>(int, T2, T3)",2022-Sep-16 13:47:12,1,7,Command line profiler metrics,sm__cycles_elapsed.avg,cycle,"3,713.13"
617,129989,pinn,127.0.0.1,"void at::native::vectorized_elementwise_kernel<(int)4, at::native::sqrt_kernel_cuda(at::TensorIteratorBase &)::[lambda() (instance 2)]::operator ()() const::[lambda() (instance 4)]::operator ()() const::[lambda(float) (instance 1)], at::detail::Array<char *, (int)2>>(int, T2, T3)",2022-Sep-16 13:47:12,1,7,Command line profiler metrics,sm__cycles_elapsed.avg.per_second,cycle/second,"1,381,372,630.07"
618,129989,pinn,127.0.0.1,"void at::native::vectorized_elementwise_kernel<(int)4, at::native::BUnaryFunctor<float, float, float, at::native::MulFunctor<float>>, at::detail::Array<char *, (int)2>>(int, T2, T3)",2022-Sep-16 13:47:12,1,7,Command line profiler metrics,sm__cycles_elapsed.avg,cycle,"3,502"
618,129989,pinn,127.0.0.1,"void at::native::vectorized_elementwise_kernel<(int)4, at::native::BUnaryFunctor<float, float, float, at::native::MulFunctor<float>>, at::detail::Array<char *, (int)2>>(int, T2, T3)",2022-Sep-16 13:47:12,1,7,Command line profiler metrics,sm__cycles_elapsed.avg.per_second,cycle/second,"1,385,284,810.13"
619,129989,pinn,127.0.0.1,"void at::native::vectorized_elementwise_kernel<(int)4, at::native::CUDAFunctorOnSelf_add<float>, at::detail::Array<char *, (int)2>>(int, T2, T3)",2022-Sep-16 13:47:12,1,7,Command line profiler metrics,sm__cycles_elapsed.avg,cycle,"3,509.89"
619,129989,pinn,127.0.0.1,"void at::native::vectorized_elementwise_kernel<(int)4, at::native::CUDAFunctorOnSelf_add<float>, at::detail::Array<char *, (int)2>>(int, T2, T3)",2022-Sep-16 13:47:12,1,7,Command line profiler metrics,sm__cycles_elapsed.avg.per_second,cycle/second,"1,371,050,347.22"
620,129989,pinn,127.0.0.1,"void at::native::vectorized_elementwise_kernel<(int)4, at::native::addcdiv_cuda_kernel(at::TensorIteratorBase &, const c10::Scalar &)::[lambda() (instance 2)]::operator ()() const::[lambda() (instance 8)]::operator ()() const::[lambda(float, float, float) (instance 1)], at::detail::Array<char *, (int)4>>(int, T2, T3)",2022-Sep-16 13:47:12,1,7,Command line profiler metrics,sm__cycles_elapsed.avg,cycle,"4,228.19"
620,129989,pinn,127.0.0.1,"void at::native::vectorized_elementwise_kernel<(int)4, at::native::addcdiv_cuda_kernel(at::TensorIteratorBase &, const c10::Scalar &)::[lambda() (instance 2)]::operator ()() const::[lambda() (instance 8)]::operator ()() const::[lambda(float, float, float) (instance 1)], at::detail::Array<char *, (int)4>>(int, T2, T3)",2022-Sep-16 13:47:12,1,7,Command line profiler metrics,sm__cycles_elapsed.avg.per_second,cycle/second,"1,390,850,389.86"
